Note : the json files for the 5 dimensional test cases are huge (approx 20 GB for D5), and have therefore been moved to the non-synced directory (on my M1 laptop) : 
/Users/jean-mariemirebeau/data/Results_SmoothSelling


--------------------------------------------------------------------------------------------------

Perfect form of interest :  [[2 1]
 [1 2]]
Minimal vectors  [[ 1  0  1]
 [ 0  1 -1]]
Monomials in the Cauchy-Binet formula :
 [[0 1]
 [0 2]
 [1 2]]
Coefficients (to be squared) :  [ 1. -1. -1.]
P0(A2) has 4 elements, split in 2 equivalence classes of cardinality [1, 3] modulo isometries of A2
Optimal constant is c0=2.0, showing one representative of each class
[[[ 2  1]
  [ 1  2]]

 [[ 2 -1]
  [-1  2]]]


--------------------------------------------------------------------------------------------------


Perfect form of interest :  [[2 1 1]
 [1 2 1]
 [1 1 2]]
Minimal vectors  [[ 1  0  0  1  1  0]
 [ 0  1  0  0 -1  1]
 [ 0  0  1 -1  0 -1]]
Monomials in the Cauchy-Binet formula :
 [[0 1 2]
 [0 1 3]
 [0 1 5]
 [0 2 4]
 [0 2 5]
 [0 3 4]
 [0 3 5]
 [0 4 5]
 [1 2 3]
 [1 2 4]
 [1 3 4]
 [1 3 5]
 [1 4 5]
 [2 3 4]
 [2 3 5]
 [2 4 5]]
Coefficients (to be squared) :  [ 1. -1. -1.  1. -1. -1.  1.  1.  1.  1. -1.  1.  1. -1.  1.  1.]
P0(A3) has 127 elements, split in 9 equivalence classes of cardinality [1, 6, 24, 12, 24, 24, 12, 12, 12] modulo isometries of A3
Optimal constant is c0=1.0, showing one representative of each class
[[[ 2  1  1]
  [ 1  2  1]
  [ 1  1  2]]

 [[ 2  0  1]
  [ 0  2  1]
  [ 1  1  2]]

 [[ 4  0  2]
  [ 0  2  1]
  [ 2  1  2]]

 [[ 6  1  3]
  [ 1  2  1]
  [ 3  1  2]]

 [[ 6 -1  3]
  [-1  2  0]
  [ 3  0  2]]

 [[ 6  1  4]
  [ 1  2  2]
  [ 4  2  4]]

 [[ 6  2  3]
  [ 2  4  2]
  [ 3  2  2]]

 [[ 6 -2  3]
  [-2  2 -1]
  [ 3 -1  2]]

 [[10  3  7]
  [ 3  2  3]
  [ 7  3  6]]]

-----------------------------------------------------------------------------------------------


Perfect form of interest :  [[2 1 1 0]
 [1 2 1 1]
 [1 1 2 1]
 [0 1 1 2]]
Minimal vectors  [[ 1  0  0  0  1  1  0  0  0  1  1  1]
 [ 0  1  0  0  0 -1  1  1  0  0 -1 -1]
 [ 0  0  1  0 -1  0  0 -1  1 -1  0 -1]
 [ 0  0  0  1  0  0 -1  0 -1  1  1  1]]
Monomials in the Cauchy-Binet formula :
 [[ 0  1  2  3]
 [ 0  1  2  6]
 [ 0  1  2  8]
 ...
 [ 7  8  9 11]
 [ 7  8 10 11]
 [ 8  9 10 11]]
Coefficients (to be squared) :  [ 1. -1. -1.  1.  1.  1.  1.  1. -1.  1.  1.  1.  1. -1. -1. -1. -1.  1. -1. -1.  1. -1. -1. -1.  1. -1.  1. -1.  1.  1. -1. -1. -1. -1.  1.  1.  1. -1.  1. -1.  1. -1. -1. -1.  1.  1. -1. -1. -1.  1.  1. -1. -1.  1. -1.  1.  1. -1.  1. -1. -1.  1. -1. -1. -2.  1.  1. -1. -1.  1.  1.  1. -1. -1. -1.  1. -1.  1. -1.  1.  1.  1. -1. -1.  1.  1.  1. -1.  1.  1. -1.  1.  1.  1. -1.  1. -1.  1. -1.  1. -1.  1.  1. -1.  1. -1. -1. -1. -1. -1. -1. -1.  1.  1.  1. -1. -1.  1.  1.  1.  1.  1.  1.  1.  1.  1. -1.  1. -1. -1.  1. -1.  1.  1. -1. -1. -1.  1.  1.  1. -1.  1.  1.  1. -1. -1. -1.  1. -1. -1. -1.  1.  1.  1. -1. -2. -1.  1. -1.  1. -1.  1.  1. -1.  1.  1.  1. -1.  1. -1.  1.  1.  1. -1. -1. -1.  1. -1. -1. -1. -1.  1. -1. -1.  1.  1. -1. -1.  1.  1.  1. -1. -1. -1. -1. -1. -1. -1. -1.  1.  1. -1. -1. -1.  1. -1.  1. -1.  1.  1.  1. -1. -1.  1.  1.  1. -1.  2.  1.  1. -1.  1.  1.  1.  1.  1.  1.  1.  1.  1. -1. -1. -1.  1.  1. -1. -1. -1.  1.  1.  1.  1. -1.  1. -1. -1. -1.  1. -1.
 -1. -1.  1. -1.  1.  1. -1.  1.  1.  1.  1.  1.  1. -1. -1. -1.  1. -1. -1. -1. -1. -1. -1.  1.  1. -1. -1. -1. -1. -1. -1. -1. -1. -1.  1.  1. -1.  1.  1.  1.  1. -1. -1. -1.  1. -1. -1.  1.  1. -1.  1.  1.  1.  1.  1.  1. -1.  1.  1.  1. -1. -1.  1. -1. -1.  1.]
P0(D4) has 31409 elements, split in 86 equivalence classes of cardinality [1, 48, 16, 144, 288, 48, 288, 96, 288, 576, 288, 288, 576, 288, 576, 288, 576, 288, 288, 288, 288, 576, 576, 288, 288, 48, 72, 576, 288, 576, 288, 576, 288, 576, 288, 576, 576, 576, 288, 288, 288, 288, 576, 576, 576, 576, 288, 576, 576, 576, 576, 288, 576, 288, 288, 288, 576, 576, 576, 288, 576, 288, 576, 144, 288, 576, 288, 576, 576, 144, 576, 288, 576, 288, 288, 576, 288, 288, 288, 288, 288, 72, 288, 144, 96, 96] modulo isometries of D4
Optimal constant is c0=1.0, showing one representative of each class
[[[ 2  1  1  0]
  [ 1  2  1  1]
  [ 1  1  2  1]
  [ 0  1  1  2]]

 [[ 2  0  0 -1]
  [ 0  2  1  1]
  [ 0  1  2  1]
  [-1  1  1  2]]

 [[ 2  0  0 -1]
  [ 0  2  0  1]
  [ 0  0  2  1]
  [-1  1  1  2]]

 ...

 [[ 2  4 -1  0]
  [ 4 12 -2  2]
  [-1 -2  2  2]
  [ 0  2  2  4]]

 [[ 6 -7 -2 -5]
  [-7 12  4  8]
  [-2  4  2  3]
  [-5  8  3  6]]

 [[ 2 -5 -1 -4]
  [-5 14  3 11]
  [-1  3  2  3]
  [-4 11  3 10]]]


---------------------------------------------------------------------------------------------

Perfect form of interest :  [[2 1 1 1]
 [1 2 1 1]
 [1 1 2 1]
 [1 1 1 2]]
Minimal vectors  [[ 1  0  0  0  1  1  1  0  0  0]
 [ 0  1  0  0  0  0 -1  1  1  0]
 [ 0  0  1  0  0 -1  0  0 -1  1]
 [ 0  0  0  1 -1  0  0 -1  0 -1]]
Monomials in the Cauchy-Binet formula :
 [[0 1 2 3]
 [0 1 2 4]
 [0 1 2 7]
 [0 1 2 9]
 [0 1 3 5]
 [0 1 3 8]
 [0 1 3 9]
 [0 1 4 5]
 [0 1 4 8]
 [0 1 4 9]
 [0 1 5 7]
 [0 1 5 9]
 [0 1 7 8]
 [0 1 7 9]
 [0 1 8 9]
 [0 2 3 6]
 [0 2 3 7]
 [0 2 3 8]
 [0 2 4 6]
 [0 2 4 7]
 [0 2 4 8]
 [0 2 6 7]
 [0 2 6 9]
 [0 2 7 8]
 [0 2 7 9]
 [0 2 8 9]
 [0 3 5 6]
 [0 3 5 7]
 [0 3 5 8]
 [0 3 6 8]
 [0 3 6 9]
 [0 3 7 8]
 [0 3 7 9]
 [0 3 8 9]
 [0 4 5 6]
 [0 4 5 7]
 [0 4 5 8]
 [0 4 6 8]
 [0 4 6 9]
 [0 4 7 8]
 [0 4 7 9]
 [0 4 8 9]
 [0 5 6 7]
 [0 5 6 9]
 [0 5 7 8]
 [0 5 7 9]
 [0 5 8 9]
 [0 6 7 8]
 [0 6 7 9]
 [0 6 8 9]
 [1 2 3 4]
 [1 2 3 5]
 [1 2 3 6]
 [1 2 4 5]
 [1 2 4 6]
 [1 2 4 7]
 [1 2 4 9]
 [1 2 5 7]
 [1 2 5 9]
 [1 2 6 7]
 [1 2 6 9]
 [1 3 4 5]
 [1 3 4 8]
 [1 3 4 9]
 [1 3 5 6]
 [1 3 5 8]
 [1 3 5 9]
 [1 3 6 8]
 [1 3 6 9]
 [1 4 5 6]
 [1 4 5 7]
 [1 4 5 8]
 [1 4 6 8]
 [1 4 6 9]
 [1 4 7 8]
 [1 4 7 9]
 [1 4 8 9]
 [1 5 6 7]
 [1 5 6 9]
 [1 5 7 8]
 [1 5 7 9]
 [1 5 8 9]
 [1 6 7 8]
 [1 6 7 9]
 [1 6 8 9]
 [2 3 4 6]
 [2 3 4 7]
 [2 3 4 8]
 [2 3 5 6]
 [2 3 5 7]
 [2 3 5 8]
 [2 3 6 7]
 [2 3 6 8]
 [2 4 5 6]
 [2 4 5 7]
 [2 4 5 8]
 [2 4 6 8]
 [2 4 6 9]
 [2 4 7 8]
 [2 4 7 9]
 [2 4 8 9]
 [2 5 6 7]
 [2 5 6 9]
 [2 5 7 8]
 [2 5 7 9]
 [2 5 8 9]
 [2 6 7 8]
 [2 6 7 9]
 [2 6 8 9]
 [3 4 5 6]
 [3 4 5 7]
 [3 4 5 8]
 [3 4 6 8]
 [3 4 6 9]
 [3 4 7 8]
 [3 4 7 9]
 [3 4 8 9]
 [3 5 6 7]
 [3 5 6 9]
 [3 5 7 8]
 [3 5 7 9]
 [3 5 8 9]
 [3 6 7 8]
 [3 6 7 9]
 [3 6 8 9]]
Coefficients (to be squared) :  [ 1. -1. -1. -1.  1.  1. -1. -1. -1.  1.  1.  1. -1.  1.  1. -1.  1.  1.  1. -1. -1. -1. -1. -1.  1.  1. -1.  1.  1.  1. -1. -1.  1.  1.  1. -1. -1. -1.  1.  1. -1. -1.  1.  1.  1. -1. -1.  1. -1. -1. -1. -1. -1.  1.  1. -1. -1. -1. -1. -1. -1.  1.  1. -1. -1.  1. -1.  1. -1.  1. -1. -1. -1.  1.  1. -1. -1.  1.  1.  1. -1. -1.  1. -1. -1. -1.  1.  1. -1.  1.  1.  1.  1.  1. -1. -1. -1.  1.  1. -1. -1.  1.  1.  1. -1. -1.  1. -1. -1.  1. -1. -1. -1.  1.  1. -1. -1.  1.  1.  1. -1. -1.  1. -1. -1.]
P0(A4) has 14848 elements, split in 156 equivalence classes of cardinality [1, 10, 60, 60, 30, 60, 60, 60, 60, 60, 10, 60, 120, 60, 60, 120, 120, 60, 60, 120, 120, 120, 120, 120, 12, 120, 60, 120, 120, 60, 120, 120, 60, 120, 120, 120, 120, 120, 60, 120, 120, 120, 120, 60, 120, 60, 120, 120, 120, 60, 120, 120, 60, 20, 60, 60, 120, 60, 60, 120, 120, 60, 120, 120, 120, 60, 120, 120, 120, 120, 120, 120, 120, 120, 120, 120, 120, 120, 120, 120, 120, 15, 60, 120, 120, 60, 60, 60, 120, 120, 120, 120, 60, 120, 120, 120, 60, 120, 120, 120, 120, 60, 60, 120, 120, 120, 120, 120, 120, 120, 120, 60, 120, 60, 60, 120, 120, 120, 60, 120, 120, 120, 120, 60, 120, 120, 120, 60, 120, 120, 60, 120, 120, 120, 120, 60, 120, 120, 60, 120, 120, 120, 120, 30, 120, 120, 120, 60, 60, 120, 60, 60, 60, 60, 120, 20] modulo isometries of A4
Optimal constant is c0=1.0, showing one representative of each class
[[[ 2  1  1  1]
  [ 1  2  1  1]
  [ 1  1  2  1]
  [ 1  1  1  2]]

 [[ 2  0  1  1]
  [ 0  2  1  1]
  [ 1  1  2  1]
  [ 1  1  1  2]]

 [[ 2 -1  0  0]
  [-1  2  1  1]
  [ 0  1  2  1]
  [ 0  1  1  2]]

 ...

 [[ 2 -1  3 -1]
  [-1  2 -1  3]
  [ 3 -1  6 -1]
  [-1  3 -1  6]]

 [[ 2 -2 -1 -1]
  [-2  6  0  3]
  [-1  0  2  0]
  [-1  3  0  2]]

 [[ 2 -1 -1 -1]
  [-1  2  0  0]
  [-1  0  2  0]
  [-1  0  0  2]]]

-------------------------------------------------------------------------------------


Perfect form of interest :  [[4 2 2 2 0]
 [2 4 2 2 2]
 [2 2 4 2 2]
 [2 2 2 4 2]
 [0 2 2 2 4]]
Minimal vectors  [[ 1  0  0  0  0  1  1  1  0  0  0  0  0  0  1  1  1  1  1  1]
 [ 0  1  0  0  0  0  0 -1  1  1  1  0  0  0  0  0 -1  0 -1 -1]
 [ 0  0  1  0  0  0 -1  0  0  0 -1  1  1  0  0 -1  0 -1  0 -1]
 [ 0  0  0  1  0 -1  0  0  0 -1  0  0 -1  1 -1  0  0 -1 -1  0]
 [ 0  0  0  0  1  0  0  0 -1  0  0 -1  0 -1  1  1  1  1  1  1]]
Monomials in the Cauchy-Binet formula :
 [[ 0  1  2  3  4]
 [ 0  1  2  3  8]
 [ 0  1  2  3 11]
 ...
 [13 15 16 18 19]
 [13 15 17 18 19]
 [13 16 17 18 19]]
Coefficients (to be squared) :  [ 1. -1. -1. ... -1.  1.  1.]
P0(D5) has 31006233 elements, split in 17427 equivalence classes of cardinality [1, 240, 80, 40, 40, ....
960, 480, 480] modulo isometries of D5
Optimal constant is c0=0.25, showing one representative of each class
[[[  4   2   2   2   0]
  [  2   4   2   2   2]
  [  2   2   4   2   2]
  [  2   2   2   4   2]
  [  0   2   2   2   4]]

 [[  4   0   0   0  -2]
  [  0   4   0   0   2]
  [  0   0   4   2   2]
  [  0   0   2   4   2]
  [ -2   2   2   2   4]]

 [[  4   0   0   0  -2]
  [  0   4   2   2   4]
  [  0   2   4   2   4]
  [  0   2   2   4   4]
  [ -2   4   4   4   8]]

 ...

 [[ 12 -12  12  -3  -9]
  [-12  22 -11   7  15]
  [ 12 -11  16  -2  -9]
  [ -3   7  -2   4   6]
  [ -9  15  -9   6  12]]

 [[  4  -2  -3   5  -1]
  [ -2  10   6  -4   5]
  [ -3   6  12  -3   6]
  [  5  -4  -3  10  -2]
  [ -1   5   6  -2   4]]

 [[  4  -2  -2   5  -1]
  [ -2  10   4  -4   5]
  [ -2   4  10  -1   5]
  [  5  -4  -1  10  -2]
  [ -1   5   5  -2   4]]]

-------------------------------------------------------------


Perfect form of interest :  [[4 2 2 2 2]
 [2 4 2 2 2]
 [2 2 4 2 2]
 [2 2 2 4 2]
 [2 2 2 2 4]]
Minimal vectors  [[ 1  0  0  0  0  1  1  1  1  0  0  0  0  0  0]
 [ 0  1  0  0  0  0  0  0 -1  1  1  1  0  0  0]
 [ 0  0  1  0  0  0  0 -1  0  0  0 -1  1  1  0]
 [ 0  0  0  1  0  0 -1  0  0  0 -1  0  0 -1  1]
 [ 0  0  0  0  1 -1  0  0  0 -1  0  0 -1  0 -1]]
Monomials in the Cauchy-Binet formula :
 [[ 0  1  2  3  4]
 [ 0  1  2  3  5]
 [ 0  1  2  3  9]
 ...
 [ 4  8 11 12 13]
 [ 4  8 11 12 14]
 [ 4  8 11 13 14]]
Coefficients (to be squared) :  [ 1. -1. -1. ... -1.  1.  1.]
P0(A5) has 6713695 elements, split in 9991 equivalence classes of cardinality [1, 15, 180, ...
 360, 360, 360, 180, 60, 120, 720, 360, 720, 360, 360] modulo isometries of A5
Optimal constant is c0=0.5, showing one representative of each class
[[[ 4  2  2  2  2]
  [ 2  4  2  2  2]
  [ 2  2  4  2  2]
  [ 2  2  2  4  2]
  [ 2  2  2  2  4]]

 [[ 4  0  2  2  2]
  [ 0  4  2  2  2]
  [ 2  2  4  2  2]
  [ 2  2  2  4  2]
  [ 2  2  2  2  4]]

 [[ 4  2  4  4  2]
  [ 2  4  4  4  2]
  [ 4  4  8  6  4]
  [ 4  4  6  8  2]
  [ 2  2  4  2  4]]

 ...

 [[12 12  9  9  3]
  [12 28 14 21  7]
  [ 9 14 10 12  5]
  [ 9 21 12 18  6]
  [ 3  7  5  6  4]]

 [[16 13 12 14  5]
  [13 16 12 14  5]
  [12 12 12 15  6]
  [14 14 15 22  7]
  [ 5  5  6  7  4]]

 [[16  5 12 14  3]
  [ 5  4  6  7  3]
  [12  6 12 15  3]
  [14  7 15 22  3]
  [ 3  3  3  3  6]]]


---------------------------------------------------------------------------------------------


Perfect form of interest :  [[ 4  1  1 -2 -2]
 [ 1  4  1 -2 -2]
 [ 1  1  4 -2 -2]
 [-2 -2 -2  4  1]
 [-2 -2 -2  1  4]]
Minimal vectors  [[1 0 0 0 0 1 1 0 0 0 0 1 1 0 1]
 [0 1 0 0 0 0 0 1 1 0 0 1 0 1 1]
 [0 0 1 0 0 0 0 0 0 1 1 0 1 1 1]
 [0 0 0 1 0 1 0 1 0 1 0 1 1 1 1]
 [0 0 0 0 1 0 1 0 1 0 1 1 1 1 1]]
Monomials in the Cauchy-Binet formula :
 [[ 0  1  2  3  4]
 [ 0  1  2  3  6]
 [ 0  1  2  3  8]
 ...
 [ 9 10 12 13 14]
 [ 9 11 12 13 14]
 [10 11 12 13 14]]
Coefficients (to be squared) :  [ 1.  1.  1. ...  1. -1.  1.]
P0(A50) has 8910763 elements, split in 13519 equivalence classes of cardinality [1, 15, 180, 180, 180,.....
180, 60] modulo isometries of A50
Optimal constant is c0=0.3125, showing one representative of each class
[[[  4   1   1  -2  -2]
  [  1   4   1  -2  -2]
  [  1   1   4  -2  -2]
  [ -2  -2  -2   4   1]
  [ -2  -2  -2   1   4]]

 [[  4   0   0  -2  -2]
  [  0   4   2  -2  -2]
  [  0   2   4  -2  -2]
  [ -2  -2  -2   4   2]
  [ -2  -2  -2   2   4]]

 [[  4   2  -2  -2  -2]
  [  2   4   0  -2  -2]
  [ -2   0   4   0   0]
  [ -2  -2   0   4   0]
  [ -2  -2   0   0   4]]

 ...

 [[ 22  -2   8   2 -15]
  [ -2   4  -1   2   3]
  [  8  -1   4   1  -6]
  [  2   2   1   4   0]
  [-15   3  -6   0  12]]

 [[ 76  51  11 -38 -62]
  [ 51  36   9 -27 -42]
  [ 11   9   4  -7 -10]
  [-38 -27  -7  22  31]
  [-62 -42 -10  31  52]]

 [[ 12  21   9  -6 -18]
  [ 21  52  21 -10 -42]
  [  9  21  12  -6 -18]
  [ -6 -10  -6   4   9]
  [-18 -42 -18   9  36]]]