Perfect1(A5) has 880 elements, split in equivalence classes of cardinality [180, 180, 60, 90, 60, 120, 90, 60, 30, 10] modulo isometries of A5
Representatives of Perfect1 modulo isometries : [(0, array([[ 0,  0, -1,  0,  1],
       [-1,  0,  1,  1, -1],
       [ 0,  0,  1, -1,  0],
       [ 0,  1,  0,  0,  0],
       [ 1, -1, -1,  0,  1]])), (0, array([[-1,  1,  0,  1, -1],
       [ 0,  0,  0, -1,  1],
       [ 1, -1,  0,  0,  1],
       [ 1,  0, -1, -1,  1],
       [-1,  1,  1,  1, -2]])), (0, array([[-1,  1,  0,  1, -1],
       [ 1,  0,  0, -1,  1],
       [ 0, -1,  0,  0,  1],
       [ 1, -1,  0,  0,  0],
       [-2,  1,  1,  1, -2]])), (0, array([[ 0,  1,  0, -1,  0],
       [ 0,  0,  0,  1,  0],
       [ 0, -1,  0,  0,  1],
       [ 1, -1,  0,  0,  0],
       [-1,  1,  1, -1, -1]])), (0, array([[ 1,  0, -1,  0,  0],
       [ 0,  0,  0, -1,  1],
       [-1, -1,  1,  1, -1],
       [-1,  1,  0,  0,  0],
       [ 1,  0,  0,  0, -1]])), (2, array([[ 1,  0, -1, -1,  1],
       [ 0,  1, -1,  0,  0],
       [ 1,  0, -1,  0,  1],
       [ 1,  0, -1,  0,  0],
       [ 1,  1, -1, -1,  1]])), (2, array([[ 0,  0, -1,  1,  0],
       [ 0,  1, -1,  0,  0],
       [ 1,  0, -1,  0,  1],
       [ 1,  0, -1,  0,  0],
       [ 0,  1, -1,  1,  0]])), (1, array([[ 1,  0,  0, -1,  0],
       [ 0,  0, -1,  1,  0],
       [ 0, -1,  0,  0,  0],
       [-1,  1,  0,  0,  0],
       [ 0,  0,  1,  0, -1]])), (2, array([[-1,  0,  1,  1, -1],
       [-1,  0,  1,  0, -1],
       [-1,  0,  0,  1, -1],
       [-1,  0,  1,  1, -2],
       [-2,  1,  1,  1, -2]])), (2, array([[-1,  1,  0,  0,  0],
       [-1,  0,  0,  0,  0],
       [-1,  1,  1, -1, -1],
       [-1,  1,  0,  0, -1],
       [-1,  1,  0, -1,  0]]))]