Perfect1(A50) has 333712 elements, split in equivalence classes of cardinality [6, 180, 360, 360, 60, 180, 180, 120, 30, 120, 90, 6, 90, 120, 30, 90, 720, 360, 720, 720, 720, 720, 720, 360, 720, 720, 360, 360, 360, 360, 720, 360, 720, 720, 360, 360, 720, 180, 360, 360, 720, 360, 720, 360, 720, 720, 360, 360, 720, 720, 360, 360, 720, 120, 360, 720, 360, 360, 360, 360, 360, 360, 360, 360, 360, 720, 720, 360, 720, 90, 720, 360, 360, 720, 360, 720, 360, 720, 360, 360, 360, 180, 720, 360, 360, 720, 720, 360, 720, 360, 360, 360, 720, 720, 720, 360, 720, 720, 720, 720, 720, 720, 720, 720, 720, 720, 720, 720, 720, 720, 720, 720, 720, 720, 180, 720, 360, 720, 360, 360, 720, 720, 120, 360, 720, 720, 120, 360, 360, 360, 720, 720, 720, 360, 720, 720, 120, 360, 720, 720, 720, 720, 720, 720, 720, 720, 720, 360, 120, 120, 720, 720, 720, 720, 180, 720, 360, 360, 360, 360, 720, 720, 720, 720, 720, 720, 720, 360, 720, 720, 720, 720, 720, 720, 720, 720, 360, 720, 720, 360, 720, 360, 720, 720, 720, 360, 180, 720, 360, 360, 720, 360, 360, 720, 720, 720, 360, 720, 720, 720, 720, 180, 180, 180, 180, 360, 60, 30, 60, 360, 10, 720, 720, 360, 720, 720, 720, 720, 360, 360, 60, 180, 360, 360, 720, 720, 720, 360, 180, 360, 60, 360, 720, 360, 360, 720, 360, 720, 180, 720, 720, 360, 360, 720, 720, 360, 720, 360, 60, 720, 360, 180, 360, 720, 360, 720, 360, 360, 360, 360, 720, 360, 360, 360, 720, 360, 360, 360, 360, 360, 360, 120, 360, 360, 120, 90, 720, 720, 360, 720, 720, 720, 720, 720, 360, 360, 360, 360, 360, 360, 360, 90, 360, 720, 360, 720, 60, 360, 720, 720, 720, 720, 720, 720, 720, 720, 720, 720, 720, 720, 720, 360, 720, 720, 720, 720, 360, 720, 720, 360, 720, 720, 720, 720, 720, 720, 720, 360, 720, 720, 720, 720, 720, 720, 720, 720, 720, 360, 720, 720, 360, 360, 360, 720, 720, 720, 360, 720, 720, 720, 720, 720, 720, 720, 90, 360, 720, 720, 720, 720, 360, 720, 720, 720, 720, 720, 720, 720, 720, 720, 720, 720, 720, 720, 720, 720, 720, 720, 720, 720, 720, 720, 720, 720, 720, 720, 720, 720, 720, 720, 720, 720, 720, 720, 720, 720, 360, 720, 720, 720, 720, 720, 720, 720, 720, 360, 720, 720, 720, 720, 720, 720, 720, 720, 720, 720, 720, 720, 720, 720, 360, 720, 720, 720, 360, 720, 720, 360, 360, 720, 720, 720, 720, 720, 720, 720, 720, 720, 720, 720, 720, 360, 360, 720, 720, 720, 720, 720, 720, 360, 720, 720, 720, 720, 360, 360, 360, 720, 720, 720, 720, 720, 720, 720, 360, 720, 360, 720, 720, 360, 360, 720, 720, 720, 720, 360, 180, 360, 360, 180, 720, 360, 720, 360, 360, 360, 720, 720, 720, 720, 720, 720, 360, 360, 720, 720, 720, 720, 720, 720, 720, 720, 720, 720, 720, 720, 720, 720, 720, 360, 720, 720, 720, 720, 720, 720, 720, 720, 360, 720, 360, 360, 720, 720, 360, 720, 720, 360, 360, 720, 360, 180, 720, 720, 720, 720, 360, 360, 360, 120, 720, 360, 720, 720, 720, 360, 720, 720, 720, 360, 720, 720, 720, 720, 360, 360, 360, 720, 360, 720, 720, 720, 720, 720, 360, 720, 720, 720, 360, 360, 720, 360, 720, 720, 360, 360, 360, 360, 720, 360, 360, 90, 720, 720, 360, 360, 720, 360, 720, 720, 720, 720, 720, 720, 360, 720, 720, 720] modulo isometries of A50
Representatives of Perfect1 modulo isometries : [(0, array([[ 0,  0,  1,  0,  0],
       [ 0,  0, -1,  0, -1],
       [ 1,  0,  0,  0,  1],
       [ 0,  0,  0,  1,  0],
       [ 0,  1,  1,  0,  1]])), (0, array([[ 0,  0, -1,  0,  0],
       [ 0,  0,  0,  0, -1],
       [ 0, -1,  1,  0,  0],
       [-1,  0,  0,  0, -1],
       [ 1,  1,  0,  1,  2]])), (0, array([[ 0,  0, -1,  0,  0],
       [ 1,  0,  1,  0,  1],
       [-1, -1,  0,  0, -2],
       [ 0,  0,  1,  0,  1],
       [ 0,  1, -1,  1,  0]])), (0, array([[ 0,  0,  0,  0,  1],
       [ 0,  0,  1,  0,  0],
       [-1,  0, -1,  0, -2],
       [ 0,  0,  0, -1,  0],
       [ 1,  1,  0,  1,  2]])), (0, array([[ 0,  0,  0,  0,  1],
       [ 0,  0,  1,  0,  0],
       [ 0,  0, -1, -1, -1],
       [-1,  0,  0,  0, -1],
       [ 1,  1,  0,  1,  2]])), (0, array([[ 0,  0, -1, -1,  0],
       [ 0,  0,  0,  1, -1],
       [ 0, -1,  1,  0,  0],
       [-1,  0,  0,  0, -1],
       [ 1,  1,  0, -1,  2]])), (0, array([[ 0,  0,  0,  0, -1],
       [-1, -1,  0,  0, -1],
       [ 0, -1,  0, -1,  0],
       [ 0,  1,  0,  0,  1],
       [ 0,  0, -1,  0, -1]])), (0, array([[ 0,  0,  0,  1, -1],
       [-1, -1,  0, -1, -1],
       [ 0, -1,  0,  0,  0],
       [ 0,  1,  0,  0,  1],
       [ 0,  0, -1,  0, -1]])), (0, array([[ 1,  0,  0,  1,  0],
       [-1, -1,  0,  0, -1],
       [-1, -1, -1, -1, -2],
       [ 0,  1,  0,  0,  1],
       [ 1,  0,  0,  0,  1]])), (2, array([[-1,  0,  0,  0, -1],
       [-1,  0, -1,  0, -1],
       [-1, -1,  0,  0, -1],
       [-1,  0,  0,  0,  0],
       [-1,  0,  0,  1, -1]])), (2, array([[-1,  0,  0,  0, -1],
       [-1,  0, -1, -1, -1],
       [-1, -1,  0, -1, -1],
       [-1,  0,  0, -1,  0],
       [-1,  0,  0, -1, -1]])), (2, array([[ 0,  0,  0, -1,  0],
       [-1,  0, -1, -1, -1],
       [-1, -1,  0, -1, -1],
       [-1,  0,  0, -1,  0],
       [-1,  0,  0, -1, -1]])), (1, array([[ 0,  0, -1,  0,  0],
       [ 0,  0,  1,  0,  1],
       [-1,  0,  0,  0, -1],
       [ 0,  0,  0, -1,  0],
       [ 1,  1,  0,  1,  1]])), (1, array([[ 0,  0, -1, -1,  0],
       [ 0,  0,  1,  0,  1],
       [-1,  0,  0,  0, -1],
       [ 0,  0,  0,  1,  0],
       [ 1,  1,  0,  0,  1]])), (1, array([[ 0,  0,  0, -1,  1],
       [-1,  0,  0,  0, -1],
       [ 0,  0,  0,  1,  0],
       [ 0,  0, -1,  0, -1],
       [ 1,  1,  1,  0,  2]])), (0, array([[ 0,  0,  1,  0,  0],
       [ 0, -1,  0,  0,  0],
       [-1,  0, -2, -1, -2],
       [ 0,  0,  0,  0,  1],
       [ 0,  1,  1,  1,  0]])), (0, array([[ 0,  0,  1,  0,  1],
       [ 0,  0, -1,  0,  0],
       [ 0,  1, -1,  0, -1],
       [ 1,  0,  0,  0,  1],
       [ 0,  0,  2,  1,  1]])), (0, array([[ 1,  0,  1,  0,  2],
       [-1,  0, -1,  0, -1],
       [ 0,  1, -1,  0, -1],
       [-1,  0,  0,  0, -1],
       [ 2,  0,  2,  1,  3]])), (0, array([[ 1,  0,  1,  0,  1],
       [-1, -1,  0,  0, -1],
       [-1,  0, -2, -1, -2],
       [ 0,  0,  0,  0,  1],
       [ 2,  1,  1,  1,  2]])), (0, array([[ 1,  0,  1,  0,  1],
       [-1,  0, -1,  0, -2],
       [-1, -1, -1, -1, -1],
       [ 0,  1, -1,  0,  0],
       [ 2,  0,  2,  1,  3]])), (0, array([[ 1,  1,  0,  0,  1],
       [-1,  0, -1,  0, -1],
       [-1, -1,  1,  0, -1],
       [ 0,  0,  0,  0,  1],
       [ 2,  1,  1,  1,  2]])), (0, array([[ 1,  0,  1,  0,  2],
       [-1,  0, -1,  0, -1],
       [-1,  0,  0,  0, -2],
       [ 0,  1, -1,  0,  0],
       [ 2,  0,  2,  1,  3]])), (0, array([[ 1,  0,  1,  0,  1],
       [ 0,  0, -1,  0,  0],
       [-2, -1, -1, -1, -3],
       [ 0,  0,  0,  0,  1],
       [ 1,  0,  2,  1,  1]])), (0, array([[ 0, -1,  0, -1, -1],
       [-1,  0, -1,  0, -1],
       [ 1,  1,  1,  2,  2],
       [ 0,  0,  0,  0,  1],
       [ 0, -1,  1, -1, -1]])), (0, array([[ 0, -1,  0, -1, -1],
       [ 0,  1,  0,  1,  0],
       [ 0,  0,  0,  1,  1],
       [ 1,  1,  1,  1,  2],
       [-1, -2,  0, -2, -2]])), (0, array([[ 1,  0,  1,  0,  1],
       [ 0,  1,  0,  1,  1],
       [-1, -1, -1, -1, -1],
       [ 0,  1, -1,  0,  0],
       [ 0, -1,  1, -1, -1]])), (0, array([[ 0,  1,  0,  0,  0],
       [ 1,  0,  1,  1,  2],
       [-1, -1, -1, -1, -1],
       [ 1,  0,  0,  0,  1],
       [-1,  0,  0, -1, -2]])), (0, array([[ 0,  0, -1, -1, -1],
       [ 0,  0,  1,  1,  0],
       [ 0,  0,  0,  1,  1],
       [ 1,  1,  1,  1,  2],
       [ 0, -1, -1, -2, -1]])), (0, array([[-1, -1,  0, -1, -1],
       [ 0,  0, -1,  0, -1],
       [ 1,  1,  1,  2,  2],
       [ 0,  1, -1,  0,  0],
       [-1, -1,  1, -1, -1]])), (0, array([[ 0,  0,  1,  0,  1],
       [-1,  0, -1,  0, -2],
       [ 1,  0,  0,  0,  0],
       [ 0,  1, -1,  0,  0],
       [ 1,  0,  2,  1,  3]])), (0, array([[ 1,  1,  0,  0,  2],
       [-1,  0, -1,  0, -2],
       [-1, -1,  1,  0, -1],
       [ 0,  0,  0,  0, -1],
       [ 2,  1,  1,  1,  4]])), (0, array([[ 0, -1,  0, -1, -1],
       [ 0,  0,  1,  1,  1],
       [ 0,  1, -1,  1,  0],
       [ 1,  1,  1,  1,  2],
       [-1, -1, -1, -2, -3]])), (0, array([[ 1,  0,  1,  0,  1],
       [ 0,  1,  0,  1,  1],
       [-1,  0, -2, -1, -2],
       [ 0,  0,  0,  0,  1],
       [ 0, -1,  1, -1, -1]])), (0, array([[-1, -1,  0, -1, -1],
       [ 1,  0,  1,  1,  1],
       [ 0,  1, -1,  1,  0],
       [ 1,  1,  1,  1,  2],
       [-2, -1, -1, -2, -3]])), (0, array([[ 0, -1,  0, -1,  0],
       [ 0,  0,  1,  1,  0],
       [ 0,  1, -1,  1,  0],
       [ 1,  1,  1,  1,  2],
       [ 0, -1, -1, -2, -1]])), (0, array([[ 1,  0,  1,  0,  2],
       [ 0,  1,  0,  1,  0],
       [-1,  0, -2, -1, -2],
       [ 0,  0,  0,  0, -1],
       [ 0, -1,  1, -1,  1]])), (0, array([[ 0, -1,  0, -1,  0],
       [ 0,  0,  1,  1,  0],
       [ 0,  1, -1,  1,  0],
       [ 1,  1,  1,  1,  2],
       [-1, -1, -1, -2, -1]])), (0, array([[ 0,  1,  0,  0,  0],
       [ 1,  0,  1,  1,  2],
       [ 0, -1, -1, -1, -1],
       [ 0,  0,  0,  0,  1],
       [-1,  0,  0, -1, -2]])), (0, array([[-1, -1,  0, -1, -1],
       [ 0,  1,  0,  1,  0],
       [ 1,  0,  0,  1,  1],
       [ 1,  1,  1,  1,  2],
       [-1, -2,  0, -2, -2]])), (0, array([[ 0,  0,  1,  0,  1],
       [ 1,  1,  0,  1,  1],
       [ 0, -1, -1, -1, -1],
       [ 0,  1, -1,  0,  0],
       [-1, -1,  1, -1, -1]])), (0, array([[ 0, -1,  0, -1,  0],
       [ 0,  1,  0,  1,  1],
       [ 0,  1, -1,  0, -1],
       [ 1,  1,  1,  1,  2],
       [-1, -2,  0, -2, -2]])), (0, array([[-1,  0, -1, -1, -1],
       [ 1,  0,  1,  1,  2],
       [ 1,  0,  0,  0,  0],
       [ 1,  1,  1,  1,  2],
       [-2, -1, -1, -2, -3]])), (0, array([[-1,  0, -1, -1, -1],
       [ 1,  1,  0,  1,  1],
       [ 1, -1,  1,  0,  1],
       [ 1,  1,  1,  1,  2],
       [-2, -1, -1, -2, -3]])), (0, array([[ 0,  0, -1, -1,  0],
       [ 0,  0,  1,  1,  1],
       [-1,  0,  0,  0, -2],
       [ 1,  1,  1,  1,  2],
       [ 0, -1, -1, -2, -1]])), (0, array([[ 0,  0, -1, -1,  0],
       [ 0,  1,  0,  1,  0],
       [-1, -1,  1,  0, -1],
       [ 1,  1,  1,  1,  2],
       [ 0, -1, -1, -2, -1]])), (0, array([[ 0,  0, -1, -1,  0],
       [ 0,  1,  0,  1,  0],
       [ 0, -1,  1,  0, -1],
       [ 1,  1,  1,  1,  2],
       [-1, -1, -1, -2, -1]])), (0, array([[ 0,  0, -1, -1,  0],
       [ 1,  0,  1,  1,  1],
       [-1,  0,  0,  0, -2],
       [ 1,  1,  1,  1,  2],
       [-1, -1, -1, -2, -1]])), (0, array([[ 0,  0,  1,  0,  0],
       [ 0, -1,  0,  0,  0],
       [ 0,  1, -1,  1,  0],
       [ 0,  0,  0,  0,  1],
       [-1,  0,  0, -1, -2]])), (0, array([[ 0,  0,  1,  0,  1],
       [ 0,  0, -1,  0,  0],
       [ 0,  1, -1,  0, -1],
       [ 1,  0,  0,  0,  1],
       [-1, -1,  1, -1, -1]])), (0, array([[ 0,  1,  0,  0,  0],
       [ 0,  0, -1,  0,  0],
       [ 1, -1,  1,  0,  1],
       [ 0,  0,  0,  0,  1],
       [-1,  0,  0, -1, -2]])), (0, array([[ 1,  1,  0,  0,  1],
       [ 0,  0,  1,  1,  1],
       [-2, -1, -1, -1, -3],
       [ 0,  0,  0,  0,  1],
       [ 1,  0,  0, -1,  0]])), (0, array([[ 0,  0, -1, -1, -1],
       [ 1,  0,  1,  1,  2],
       [-1,  0,  0,  1, -1],
       [ 1,  1,  1,  1,  2],
       [-1, -1, -1, -2, -3]])), (0, array([[ 0, -1,  0, -1,  0],
       [ 1,  1,  0,  1,  1],
       [-1,  0,  0,  1, -1],
       [ 1,  1,  1,  1,  2],
       [-1, -2,  0, -2, -2]])), (0, array([[ 0,  0, -1, -1,  0],
       [ 1,  0,  1,  1,  1],
       [-1,  0,  0,  1, -1],
       [ 1,  1,  1,  1,  2],
       [-1, -1, -1, -2, -1]])), (0, array([[ 1,  1,  0,  0,  2],
       [ 0,  0,  1,  1,  0],
       [-2, -1, -1, -1, -3],
       [ 0,  0,  0,  0, -1],
       [ 1,  0,  0, -1,  2]])), (0, array([[ 0, -1,  0, -1,  0],
       [-1,  0, -1,  0, -2],
       [ 1,  1,  1,  2,  2],
       [ 0,  1, -1,  0,  0],
       [ 0, -1,  1, -1,  1]])), (0, array([[ 0,  1,  0,  0,  1],
       [ 1,  0,  1,  1,  1],
       [-1, -1, -1, -1, -3],
       [ 1,  0,  0,  0,  1],
       [-1,  0,  0, -1,  0]])), (0, array([[ 0, -1,  0, -1,  0],
       [ 0,  1,  0,  1,  1],
       [ 0,  0,  0,  1, -1],
       [ 1,  1,  1,  1,  2],
       [-1, -2,  0, -2, -2]])), (0, array([[-1,  0, -1, -1, -1],
       [ 1,  0,  1,  1,  2],
       [ 0,  0,  0,  1, -1],
       [ 1,  1,  1,  1,  2],
       [-2, -1, -1, -2, -3]])), (0, array([[ 1,  1,  0,  0,  2],
       [ 0,  0,  1,  1,  0],
       [-1, -1, -1, -1, -3],
       [-1,  0,  0,  0, -1],
       [ 1,  0,  0, -1,  2]])), (0, array([[ 0,  1,  0,  0,  1],
       [ 0,  0, -1,  0, -1],
       [ 1, -1,  1,  0,  1],
       [ 0,  0,  0,  0, -1],
       [-1,  0,  0, -1,  0]])), (0, array([[ 0,  0,  1,  0,  1],
       [-1,  0, -1,  0, -2],
       [ 1,  0,  0,  1,  1],
       [ 0,  1, -1,  0,  0],
       [ 0, -1,  1, -1,  1]])), (0, array([[ 1,  0,  1,  0,  2],
       [ 0,  0, -1,  0, -1],
       [-1,  0,  0,  0, -2],
       [ 0,  1, -1,  0,  0],
       [ 0, -1,  1, -1,  1]])), (0, array([[ 0,  0, -1, -1,  0],
       [-1, -1,  0,  0, -2],
       [ 1,  1,  1,  2,  2],
       [-1,  0,  0,  0, -1],
       [ 1,  0,  0, -1,  2]])), (0, array([[-1,  0, -1,  0, -2],
       [ 1,  1,  0,  0,  1],
       [ 0,  0,  1,  0,  0],
       [ 0,  0,  0,  0,  1],
       [-1, -1, -1, -1, -2]])), (0, array([[ 0, -1,  0,  0, -1],
       [ 0,  0, -1, -1,  0],
       [-1,  0, -1, -1, -2],
       [ 1,  1,  1,  1,  2],
       [ 0, -1,  1,  0,  0]])), (0, array([[ 0, -1,  0,  0, -1],
       [ 1,  0,  1,  0,  2],
       [ 0,  0,  1,  0,  0],
       [ 0,  1, -1,  0,  0],
       [-1, -1, -1, -1, -2]])), (0, array([[ 0, -1,  0,  0, -1],
       [ 1,  1,  0,  0,  1],
       [-1,  0, -1, -1, -2],
       [ 0,  0,  0,  0,  1],
       [ 0, -1,  1,  0,  0]])), (0, array([[-1, -1,  0,  0, -2],
       [ 0,  1,  0,  0,  0],
       [-1,  0, -1, -1, -1],
       [ 1,  0,  0,  0,  1],
       [ 0, -1,  1,  0,  0]])), (2, array([[ 0,  1, -1,  0,  0],
       [ 0,  1,  0,  0,  0],
       [-1,  0, -1, -1, -1],
       [ 0,  1,  0,  0,  1],
       [-1,  1, -1,  0, -1]])), (2, array([[ 0,  1, -1,  0,  0],
       [ 1,  1,  0,  0,  1],
       [ 0,  0, -1, -1,  0],
       [ 1,  1,  0,  0,  2],
       [ 1,  1, -1,  0,  1]])), (2, array([[ 0,  0,  0,  0,  1],
       [ 0, -1,  0, -1,  0],
       [ 1,  0,  1,  1,  2],
       [ 1,  0,  1,  0,  2],
       [ 0, -1,  1,  0,  1]])), (2, array([[ 0,  0,  0,  0,  1],
       [ 0,  0, -1, -1,  0],
       [ 1,  1,  0,  1,  2],
       [ 1,  1,  0,  0,  2],
       [ 1,  0,  0,  0,  2]])), (2, array([[ 0,  1, -1,  0,  0],
       [-1,  0, -1, -1, -1],
       [ 0,  1,  0,  1,  1],
       [ 0,  1,  0,  0,  1],
       [-1,  1, -1,  0, -1]])), (2, array([[-1,  0,  0,  0, -1],
       [ 0,  0,  1,  0,  1],
       [-1,  0, -1, -1, -1],
       [ 0,  1,  0,  0,  1],
       [-1,  0,  0,  0,  0]])), (2, array([[ 0,  1, -1,  0,  0],
       [ 0,  0, -1, -1,  0],
       [ 1,  1,  0,  1,  2],
       [ 1,  1,  0,  0,  2],
       [ 1,  1, -1,  0,  1]])), (2, array([[ 0,  1, -1,  0,  0],
       [ 0,  1,  0,  0,  0],
       [ 0,  1,  0,  1,  1],
       [ 0,  1,  0,  0,  1],
       [-1,  1, -1,  0, -1]])), (2, array([[ 0,  1, -1,  0,  0],
       [ 0,  0, -1, -1,  0],
       [ 1,  1,  0,  1,  2],
       [ 1,  1,  0,  0,  2],
       [ 0,  1, -1,  0,  1]])), (2, array([[ 1,  0,  0,  0,  1],
       [ 0,  0, -1, -1,  0],
       [ 1,  1,  0,  1,  2],
       [ 1,  1,  0,  0,  2],
       [ 1,  0,  0,  0,  2]])), (2, array([[1, 0, 0, 0, 1],
       [1, 0, 1, 0, 2],
       [1, 1, 0, 1, 2],
       [1, 1, 0, 0, 2],
       [1, 0, 0, 0, 2]])), (2, array([[-1,  0,  0,  0, -1],
       [-1,  0, -1, -1, -1],
       [ 0,  1,  0,  1,  1],
       [ 0,  1,  0,  0,  1],
       [-1,  0,  0,  0,  0]])), (1, array([[ 0,  0,  1,  0,  0],
       [ 0,  0,  0,  0,  1],
       [ 0,  1, -1,  0,  0],
       [ 1,  0,  0,  0,  1],
       [ 0,  0,  1,  1,  0]])), (1, array([[ 1,  0,  1,  0,  1],
       [ 0,  0,  0,  0,  1],
       [ 0,  1, -1,  0,  0],
       [-1,  0,  0,  0, -1],
       [ 1,  0,  1,  1,  1]])), (1, array([[-1,  0, -1, -1, -2],
       [ 1,  1,  1,  1,  2],
       [ 0,  0,  0,  0,  1],
       [ 1,  0,  0,  0,  1],
       [-1, -1,  0, -1, -2]])), (1, array([[ 0,  0, -1, -1, -1],
       [ 1,  1,  1,  1,  2],
       [ 0,  0,  0,  0,  1],
       [-1,  0,  0,  0, -1],
       [ 0, -1,  0, -1, -1]])), (1, array([[ 0, -1,  0, -1,  0],
       [ 1,  1,  1,  1,  2],
       [ 0,  1, -1,  0,  0],
       [-1,  0,  0,  0, -1],
       [ 0, -1,  0, -1, -1]])), (1, array([[ 0, -1,  0, -1,  0],
       [ 1,  1,  1,  1,  2],
       [ 0,  1, -1,  0,  0],
       [ 0,  0,  0,  0, -1],
       [-1, -1,  0, -1, -1]])), (1, array([[ 0,  0, -1, -1,  0],
       [ 1,  1,  1,  1,  2],
       [-1,  0,  0,  0, -1],
       [ 0,  0,  0,  0, -1],
       [ 0, -1,  0, -1,  0]])), (1, array([[ 0,  0,  1,  0,  0],
       [ 0,  0,  0,  0,  1],
       [ 0,  1, -1,  0,  0],
       [ 1,  0,  0,  0,  1],
       [-1, -1,  0, -1, -2]])), (1, array([[ 1,  0,  1,  0,  1],
       [ 0,  0,  0,  0,  1],
       [ 0,  1, -1,  0,  0],
       [-1,  0,  0,  0, -1],
       [ 0, -1,  0, -1, -1]])), (1, array([[ 0,  0,  1,  0,  1],
       [ 0,  1, -1,  0,  0],
       [ 1,  0,  0,  0,  1],
       [ 0,  0,  0,  0, -1],
       [-1, -1,  0, -1, -1]])), (0, array([[ 0,  0,  1,  0,  0],
       [-1, -1, -1,  0, -2],
       [ 1,  0,  0, -1,  2],
       [-1,  0, -1,  0, -1],
       [ 1,  1,  2,  1,  2]])), (0, array([[ 1,  1,  1,  0,  2],
       [ 0,  0, -1,  0,  0],
       [-1, -1, -1,  0, -3],
       [-1,  0, -1,  0, -1],
       [ 1,  1,  2,  1,  2]])), (0, array([[ 0,  0,  0,  0, -1],
       [-1, -1,  0,  0, -1],
       [ 1,  0,  0, -1,  2],
       [-1,  0, -1,  0, -1],
       [ 1,  1,  0,  1,  0]])), (0, array([[ 0,  0,  0,  0, -1],
       [ 0,  0, -1,  0,  0],
       [ 0, -1,  1, -1,  1],
       [-1,  0, -1,  0, -1],
       [ 0,  0,  1,  1, -1]])), (0, array([[ 0,  1,  0,  0,  1],
       [-1, -1, -1,  0, -2],
       [ 1,  0,  0,  0,  0],
       [-1, -1,  0,  0, -2],
       [ 1,  2,  1,  1,  3]])), (0, array([[ 1,  1,  0,  0,  1],
       [-1, -1, -1,  0, -2],
       [-1, -1,  1,  0, -1],
       [-1,  0, -1,  0, -1],
       [ 2,  2,  1,  1,  3]])), (0, array([[ 0,  1,  0,  0,  1],
       [-1, -1, -1,  0, -2],
       [ 0, -1,  1,  0, -1],
       [ 0,  0, -1,  0, -1],
       [ 1,  2,  1,  1,  3]])), (0, array([[ 1,  0,  1, -1,  2],
       [ 0,  0,  0,  1, -1],
       [-1,  0, -1,  1, -1],
       [ 0,  1,  0,  1,  0],
       [ 0, -1,  1, -2,  1]])), (0, array([[ 1,  0,  0, -1,  1],
       [-1, -1,  0,  0, -1],
       [ 0,  1,  0,  2,  0],
       [-1,  0, -1,  0, -1],
       [ 1,  0,  0, -1,  0]])), (0, array([[ 0,  1,  0,  0,  1],
       [ 1,  0,  0,  0,  1],
       [-1, -1, -1,  0, -3],
       [ 1,  0,  1,  0,  1],
       [-1,  1,  0,  1,  0]])), (0, array([[-1,  0,  0,  0, -1],
       [ 1,  0,  1,  0,  2],
       [ 0, -1, -1, -1, -1],
       [ 1,  1,  0,  0,  2],
       [-2,  0, -1,  1, -3]])), (0, array([[-1,  0,  0,  0, -1],
       [ 0, -1,  0,  0, -1],
       [ 1,  0,  0, -1,  2],
       [ 0,  0, -1,  0, -1],
       [-1,  1,  0,  1,  0]])), (0, array([[-1, -1,  0, -1, -1],
       [ 1,  0,  0,  0,  1],
       [ 0,  1,  0,  2,  0],
       [ 1,  1,  0,  0,  2],
       [-1, -1,  1, -1, -1]])), (0, array([[-1,  0, -1,  0, -2],
       [ 1,  0,  0,  0,  1],
       [ 0, -1,  1, -1,  1],
       [ 1,  1,  0,  0,  2],
       [-2,  0, -1,  1, -3]])), (0, array([[ 0,  1, -1,  0,  0],
       [ 1,  0,  1,  0,  2],
       [-1, -1,  1,  0, -1],
       [ 1,  0,  1,  0,  1],
       [-1,  1, -2,  1, -2]])), (0, array([[-1,  0, -1,  0, -2],
       [ 0, -1,  1,  0,  0],
       [ 1,  0,  0, -1,  2],
       [ 0,  0,  1,  0,  1],
       [-1,  1, -2,  1, -2]])), (0, array([[-1,  0,  0,  0, -1],
       [ 0, -1,  0,  0, -1],
       [ 2,  1,  1,  0,  3],
       [ 0,  0, -1,  0, -1],
       [-1,  1,  0,  1,  0]])), (0, array([[ 0,  1, -1,  0,  0],
       [ 0, -1,  0,  0, -1],
       [ 1,  0,  2,  0,  2],
       [-1, -1,  0,  0, -2],
       [ 0,  2, -1,  1,  1]])), (0, array([[ 0,  1,  0,  0,  1],
       [ 0, -1,  1,  0,  0],
       [ 0, -1, -1, -1, -1],
       [-1, -1,  0,  0, -2],
       [ 0,  2, -1,  1,  1]])), (0, array([[-1, -1,  0, -1, -1],
       [ 1,  1,  1,  1,  2],
       [ 0,  0, -1,  1, -1],
       [ 0,  1,  0,  1,  0],
       [-1, -2,  0, -2, -2]])), (0, array([[-1,  0,  0,  0, -1],
       [ 1,  1,  0,  1,  1],
       [ 0, -1, -1, -1, -1],
       [ 1,  1,  0,  0,  2],
       [-1, -1,  1, -1, -1]])), (0, array([[ 0,  0,  0, -1,  1],
       [-1,  0, -1,  1, -2],
       [ 1,  0,  0,  0,  0],
       [ 0,  1,  0,  1,  0],
       [ 0, -1,  1, -2,  1]])), (0, array([[ 1,  1,  0,  0,  1],
       [-1,  0,  0,  1, -1],
       [ 0, -1,  1, -1,  1],
       [-1,  0, -1,  0, -1],
       [ 1,  0,  0, -1,  0]])), (0, array([[ 0,  0, -1, -1,  0],
       [ 0,  0,  0,  1, -1],
       [ 0,  0,  1,  1,  1],
       [ 0,  1,  0,  1,  0],
       [-1, -1, -1, -2, -1]])), (0, array([[ 0,  1,  0,  0,  1],
       [-1, -1, -1,  0, -2],
       [ 1,  0,  0,  0,  0],
       [-1, -1,  0,  0, -2],
       [ 1,  1,  1, -1,  3]])), (0, array([[ 1,  1,  1,  0,  2],
       [-1, -1,  0,  0, -1],
       [ 0,  0, -1,  1, -1],
       [-1,  0, -1,  0, -1],
       [ 2,  1,  1, -1,  3]])), (0, array([[ 1,  1,  1,  0,  2],
       [ 0, -1,  0,  0, -1],
       [-1,  0, -1,  1, -1],
       [ 0,  0, -1,  0, -1],
       [ 1,  1,  1, -1,  3]])), (0, array([[ 1,  1,  1,  0,  2],
       [-1, -1,  0,  0, -1],
       [-1, -1, -1,  0, -3],
       [-1,  0, -1,  0, -1],
       [ 2,  1,  1, -1,  3]])), (0, array([[ 0,  1,  0,  0,  1],
       [ 0,  0,  0,  1, -1],
       [ 1, -1,  1, -1,  1],
       [ 0,  0, -1,  0, -1],
       [-1,  0,  0, -1,  0]])), (0, array([[ 0,  1, -1,  0,  0],
       [ 0,  0,  1,  1,  0],
       [ 1, -1,  1, -1,  1],
       [ 0,  0,  1,  0,  1],
       [-1,  0, -2, -1, -2]])), (0, array([[ 0,  1,  0,  0,  1],
       [ 1,  0,  0,  0,  1],
       [-1, -1, -1,  0, -3],
       [ 1,  0,  1,  0,  1],
       [-1,  0,  0, -1,  0]])), (0, array([[-1,  0,  0,  0, -1],
       [ 0, -1,  0,  0, -1],
       [ 2,  1,  1,  0,  3],
       [ 0,  0, -1,  0, -1],
       [-1,  0,  0, -1,  0]])), (0, array([[ 0,  1, -1,  0,  0],
       [ 0, -1,  0,  0, -1],
       [ 0,  0,  1,  1,  1],
       [-1, -1,  0,  0, -2],
       [ 0,  1, -1, -1,  1]])), (0, array([[ 0,  1,  0,  0,  1],
       [ 1,  0,  0,  0,  1],
       [-1, -1, -1,  0, -3],
       [ 0, -1,  0, -1,  0],
       [ 0,  1,  1,  0,  1]])), (0, array([[-1,  0,  0,  0, -1],
       [ 0, -1,  0,  0, -1],
       [ 1,  1,  0,  1,  2],
       [ 0,  0, -1,  0, -1],
       [ 0,  1,  1,  0,  1]])), (0, array([[-1,  0,  0,  0, -1],
       [ 0, -1,  0,  0, -1],
       [ 1,  0,  0, -1,  2],
       [ 0,  0, -1,  0, -1],
       [ 0,  1,  1,  0,  1]])), (0, array([[ 0,  1, -1,  0,  0],
       [ 0, -1,  0,  0, -1],
       [ 0,  0,  1,  1,  1],
       [-1, -1,  0,  0, -2],
       [ 1,  2,  0,  0,  2]])), (0, array([[ 1,  0,  1,  0,  2],
       [ 0,  0, -1, -1,  0],
       [-1, -1,  0, -1, -1],
       [ 0,  1,  0,  1,  0],
       [ 1,  0,  1,  0,  1]])), (0, array([[ 0, -1,  1,  0,  0],
       [ 0,  0,  0, -1,  1],
       [-1, -1, -1, -1, -2],
       [ 0,  1,  0,  1,  0],
       [ 1,  0,  1,  0,  1]])), (0, array([[ 0, -1,  0,  0, -1],
       [ 0,  0, -1, -1,  0],
       [ 1,  0,  1, -1,  2],
       [ 0,  1,  0,  1,  0],
       [-1, -1,  0,  0, -2]])), (0, array([[ 0, -1,  0,  0, -1],
       [-1,  0, -1,  0, -2],
       [ 0,  0,  1,  0,  0],
       [ 1,  1,  0,  0,  2],
       [ 0, -1,  0, -1,  0]])), (0, array([[ 0, -1,  1,  0,  0],
       [-1, -1, -1, -1, -2],
       [ 1,  0,  0, -1,  1],
       [ 0,  1,  0,  1,  0],
       [ 0,  0,  1,  0,  1]])), (0, array([[ 0, -1,  1,  0,  0],
       [ 0,  0,  0,  0, -1],
       [ 1,  0,  0, -1,  1],
       [-1,  0, -1,  0, -1],
       [ 0,  0,  1,  0,  1]])), (0, array([[ 0, -1,  1,  0,  0],
       [ 1,  1,  1,  0,  2],
       [ 0,  0,  0, -1,  1],
       [ 0,  0, -1,  0, -1],
       [-1, -1,  0,  0, -2]])), (0, array([[ 1,  0,  1,  0,  2],
       [ 0,  0,  1,  0,  0],
       [-1, -1,  0, -1, -1],
       [ 0,  0, -1,  0, -1],
       [ 1,  1,  0,  0,  2]])), (0, array([[ 0, -1,  0,  0, -1],
       [-1,  0, -1,  0, -2],
       [-1,  0,  0,  1, -1],
       [ 1,  1,  0,  0,  2],
       [ 1,  0,  1,  0,  1]])), (2, array([[ 1,  1,  0,  0,  2],
       [ 1,  1,  1,  0,  2],
       [ 0,  0,  0, -1,  1],
       [ 0,  1,  0,  0,  1],
       [ 1,  1,  1,  0,  3]])), (2, array([[ 1,  1,  0,  0,  2],
       [ 1,  1,  0,  0,  1],
       [ 0,  0, -1, -1,  0],
       [ 0,  1, -1,  0,  0],
       [ 1,  1, -1,  0,  1]])), (2, array([[-1,  0, -1,  0, -1],
       [ 0,  0,  0, -1,  1],
       [ 0,  1,  0,  1,  1],
       [ 0,  1,  0,  0,  1],
       [-1,  0,  0,  0,  0]])), (2, array([[ 0,  0, -1,  0, -1],
       [-1,  0, -1,  0, -2],
       [ 0,  0, -1, -1,  0],
       [ 0,  1, -1,  0,  0],
       [-1,  0, -2,  0, -2]])), (2, array([[ 1,  1,  0,  0,  2],
       [ 0,  0,  0, -1,  1],
       [ 0,  1,  0,  1,  1],
       [ 0,  1,  0,  0,  1],
       [ 1,  1,  1,  0,  3]])), (2, array([[ 0,  0,  1,  0,  1],
       [-1,  0,  0,  0, -1],
       [ 0,  0,  0, -1,  1],
       [ 0,  1,  0,  0,  1],
       [-1,  0,  0,  0,  0]])), (2, array([[ 0,  0,  1,  0,  1],
       [-1,  0,  0,  0, -1],
       [ 1,  1,  1,  0,  2],
       [ 0,  1,  0,  0,  1],
       [ 0,  1,  1,  1,  1]])), (2, array([[1, 1, 0, 0, 2],
       [1, 1, 1, 0, 2],
       [0, 1, 0, 1, 1],
       [0, 1, 0, 0, 1],
       [1, 1, 1, 0, 3]])), (2, array([[ 0,  0, -1,  0, -1],
       [ 1,  1,  0,  0,  1],
       [ 0,  1, -1,  1,  0],
       [ 0,  1, -1,  0,  0],
       [ 1,  1, -1,  0,  1]])), (2, array([[ 0,  0, -1,  0, -1],
       [ 0,  0, -1, -1,  0],
       [ 0,  1, -1,  1,  0],
       [ 0,  1, -1,  0,  0],
       [-1,  0, -2,  0, -2]])), (2, array([[ 0,  0,  1,  0,  1],
       [ 0,  0,  0, -1,  1],
       [ 0,  1,  0,  1,  1],
       [ 0,  1,  0,  0,  1],
       [-1,  0,  0,  0,  0]])), (2, array([[ 0,  0, -1,  0, -1],
       [-1,  0, -1,  0, -2],
       [ 1,  1,  0,  0,  1],
       [ 0,  1, -1,  0,  0],
       [ 0,  0, -1, -1, -1]])), (2, array([[ 0,  0, -1,  0, -1],
       [-1,  0, -1,  0, -2],
       [ 0,  0, -1, -1,  0],
       [ 0,  1, -1,  0,  0],
       [ 0,  0, -1, -1, -1]])), (1, array([[ 1,  1,  1,  0,  2],
       [-1,  0, -1,  0, -1],
       [ 0,  0, -1,  0, -1],
       [-1, -1,  0,  0, -2],
       [ 1,  1,  1,  1,  2]])), (1, array([[ 1,  1,  0,  0,  1],
       [-1,  0, -1,  0, -1],
       [ 0,  0,  1,  0,  1],
       [-1, -1,  0,  0, -2],
       [ 1,  1,  0,  1,  1]])), (1, array([[ 1,  0,  0, -1,  1],
       [ 0,  1,  0,  1,  0],
       [-1,  0, -1,  0, -1],
       [ 0,  0,  1,  0,  1],
       [ 0, -1,  0, -1, -1]])), (1, array([[-1, -1, -1, -1, -2],
       [ 0,  1,  0,  1,  0],
       [ 1,  1,  0,  0,  2],
       [ 0,  0,  1,  0,  1],
       [ 0, -1,  0, -1, -1]])), (1, array([[ 0,  0,  0, -1,  1],
       [ 0,  1,  0,  1,  0],
       [ 0,  0, -1,  0, -1],
       [ 1,  0,  1,  0,  1],
       [-1, -1,  0, -1, -1]])), (1, array([[ 0,  0, -1, -1,  0],
       [ 0,  1,  0,  1,  0],
       [ 0,  0,  1,  0,  1],
       [ 1,  0,  1,  0,  1],
       [-1, -1, -1, -1, -2]])), (1, array([[-1,  0,  0,  0, -1],
       [ 1,  1,  0,  0,  2],
       [ 0,  0, -1,  0, -1],
       [ 1,  0,  1,  0,  1],
       [-1, -1,  0, -1, -1]])), (1, array([[ 0,  1,  0,  0,  1],
       [ 0,  0, -1,  0, -1],
       [-1, -1,  0,  0, -2],
       [ 1,  0,  1,  0,  1],
       [ 0,  0,  0, -1,  1]])), (1, array([[-1,  0,  0,  0, -1],
       [ 1,  1,  0,  0,  2],
       [ 0,  0, -1,  0, -1],
       [ 0, -1,  0, -1,  0],
       [ 0,  0,  1,  0,  0]])), (1, array([[ 0,  1,  0,  0,  1],
       [ 0,  0, -1,  0, -1],
       [-1, -1,  0,  0, -2],
       [ 0, -1,  0, -1,  0],
       [ 1,  1,  1,  0,  2]])), (0, array([[ 0,  0, -1,  0, -1],
       [ 0,  0,  0,  0,  1],
       [ 1,  0,  2,  0,  2],
       [ 0,  0,  0,  1,  0],
       [ 0,  1, -1,  0, -1]])), (0, array([[ 0,  0,  0,  1, -1],
       [-1,  0, -1, -1, -1],
       [ 0, -1,  1, -1,  1],
       [ 0,  0, -1,  0,  0],
       [ 1,  1,  1,  2,  1]])), (0, array([[ 0,  0,  0,  1, -1],
       [ 0,  0,  0,  0,  1],
       [-1, -1,  0, -2, -1],
       [ 0,  0, -1,  0,  0],
       [ 0,  1,  0,  1, -1]])), (0, array([[ 1,  0,  1,  1,  1],
       [-1,  0, -1,  0, -1],
       [-1,  0, -1, -1, -2],
       [ 0,  0, -1,  0,  0],
       [ 2,  1,  2,  1,  3]])), (0, array([[ 1,  0,  0,  1,  1],
       [-1,  0, -1, -1, -1],
       [ 0,  0,  1, -1,  0],
       [-1,  0, -1,  0, -2],
       [ 2,  1,  1,  2,  3]])), (0, array([[ 1,  0,  1,  1,  1],
       [ 0,  0,  0, -1,  1],
       [-2, -1, -1, -1, -3],
       [ 0,  0, -1,  0,  0],
       [ 1,  1,  1,  2,  1]])), (0, array([[ 1,  0,  1,  1,  1],
       [-1,  0,  0, -1, -1],
       [-1, -1, -1, -1, -1],
       [ 0,  0,  0, -1,  0],
       [ 2,  1,  1,  2,  3]])), (0, array([[ 1,  0,  1,  0,  1],
       [ 0,  1, -1,  1,  0],
       [-1, -1, -1, -1, -1],
       [ 0,  0,  0,  1,  0],
       [ 0, -1,  1, -1, -1]])), (0, array([[ 0, -1,  1,  0,  0],
       [-1,  0, -1, -1, -1],
       [ 1,  2,  0,  1,  2],
       [ 0,  0, -1,  0,  0],
       [ 0, -1,  1,  1, -1]])), (0, array([[ 0,  0, -1,  1, -1],
       [ 0,  0,  1,  0,  1],
       [ 0,  0,  1, -1,  0],
       [ 1,  0,  1,  0,  2],
       [ 0,  1, -2,  1, -1]])), (0, array([[ 0,  0, -1,  0, -1],
       [ 0,  0,  1, -1,  1],
       [ 0,  0,  1,  1,  0],
       [ 1,  0,  1,  0,  2],
       [ 0,  1, -2,  1, -1]])), (0, array([[ 1,  0,  0,  1,  1],
       [ 0,  0,  1, -1,  1],
       [-1,  0, -1, -1, -2],
       [ 0,  0,  1,  0,  0],
       [ 1,  1, -1,  2,  1]])), (0, array([[ 1,  0,  1,  0,  1],
       [ 0,  1, -1,  1,  0],
       [-1, -1,  0,  0, -1],
       [ 0,  0, -1,  0,  0],
       [ 0, -1,  1, -1, -1]])), (0, array([[ 1,  0,  0,  1,  1],
       [-1,  0,  0,  0, -1],
       [-1, -1,  0, -2, -1],
       [-1,  0, -1,  0, -2],
       [ 2,  1,  0,  1,  3]])), (0, array([[ 1,  0,  0,  0,  1],
       [-1,  0,  0, -1, -1],
       [ 0,  0,  1,  1,  0],
       [-1,  0, -1,  0, -2],
       [ 2,  1,  0,  1,  3]])), (0, array([[ 1,  0,  1,  1,  1],
       [ 0,  1, -1,  0,  0],
       [-1, -1,  0, -2, -1],
       [ 0,  0, -1,  0,  0],
       [ 0, -1,  1,  1, -1]])), (0, array([[ 1,  0,  1,  0,  1],
       [-1,  0, -1, -1, -1],
       [-1,  0, -1,  1, -2],
       [ 0,  0, -1,  0,  0],
       [ 1, -1,  2,  0,  1]])), (0, array([[ 1,  0,  1,  1,  1],
       [ 0,  0,  0, -1,  1],
       [-1,  1, -1,  0, -1],
       [ 0,  0, -1,  0,  0],
       [ 0, -1,  1,  1, -1]])), (0, array([[ 0, -1,  0,  0,  0],
       [ 0,  1, -1,  0,  0],
       [ 0,  1,  1,  0,  1],
       [ 1,  1,  0,  1,  1],
       [-1, -2,  0,  0, -2]])), (0, array([[ 0,  0, -1,  0, -1],
       [ 0,  0,  1, -1,  1],
       [ 0,  0,  1,  1,  0],
       [ 1,  0,  1,  0,  2],
       [-1, -1, -2,  0, -3]])), (0, array([[ 0,  0, -1,  1, -1],
       [ 0,  0,  1,  0,  1],
       [ 0,  1,  0, -1,  1],
       [ 1,  0,  1,  0,  2],
       [-1, -1, -2,  0, -3]])), (0, array([[ 0,  0, -1,  1, -1],
       [ 0,  0,  0, -1,  1],
       [ 0,  1,  1,  0,  1],
       [ 1,  0,  1,  0,  2],
       [-1, -1, -1,  1, -3]])), (0, array([[ 1,  0,  0,  1,  1],
       [-1,  0,  0,  0, -1],
       [ 0,  1,  0, -1,  1],
       [-1,  0, -1,  0, -2],
       [ 1, -1,  0,  0,  1]])), (0, array([[ 0,  0,  1, -1,  1],
       [ 0, -1,  0,  0,  0],
       [-1, -1, -1, -1, -2],
       [ 1,  1,  0,  1,  1],
       [ 0,  0,  1,  0,  0]])), (0, array([[-1,  0,  0, -1, -1],
       [ 0, -1,  0, -1,  0],
       [-1, -1, -1,  0, -2],
       [ 1,  1,  0,  1,  1],
       [ 0,  0,  1,  0,  0]])), (0, array([[ 0,  0,  1, -1,  1],
       [ 0,  0,  0,  0, -1],
       [ 0,  1, -1,  0,  0],
       [ 0,  0,  0,  1,  0],
       [ 1,  0,  1,  0,  2]])), (0, array([[ 0,  0,  1, -1,  1],
       [-1, -1, -1, -1, -2],
       [ 0,  1, -1,  0,  0],
       [ 0,  0,  0,  1,  0],
       [ 1,  0,  1,  0,  2]])), (2, array([[ 1,  0,  1,  0,  2],
       [ 1,  0,  1,  1,  1],
       [ 0, -1,  0,  0,  0],
       [ 1,  0,  0,  1,  1],
       [ 1,  0,  1,  1,  2]])), (2, array([[ 0,  0,  0, -1,  0],
       [ 0,  0, -1,  0, -1],
       [ 0, -1,  0, -1,  0],
       [ 1,  0,  0,  0,  1],
       [ 0,  0, -1, -1,  0]])), (2, array([[ 0,  0,  0,  1,  0],
       [ 0, -1,  0,  0,  0],
       [ 1,  1,  0,  1,  2],
       [ 1,  0,  0,  1,  1],
       [ 0,  0, -1,  1,  0]])), (2, array([[ 0,  0,  0, -1,  0],
       [ 0, -1,  0, -1,  0],
       [ 1,  1,  0,  0,  2],
       [ 1,  0,  0,  0,  1],
       [ 0,  0, -1, -1,  0]])), (2, array([[ 0,  0,  0, -1,  0],
       [ 0,  0, -1,  0, -1],
       [ 1,  1,  0,  0,  2],
       [ 1,  0,  0,  0,  1],
       [ 0,  0, -1, -1,  0]])), (2, array([[ 0,  0,  0,  1,  0],
       [ 0,  0, -1,  1, -1],
       [ 1,  0,  1,  1,  1],
       [ 1,  0,  0,  1,  1],
       [ 0, -1,  0,  1, -1]])), (1, array([[ 0,  0,  0,  0, -1],
       [ 0,  0, -1,  0,  0],
       [ 1,  0,  1,  0,  2],
       [ 0,  0,  0,  1,  0],
       [ 0,  1,  0,  0,  0]])), (1, array([[ 0,  0,  0,  1, -1],
       [ 0,  0, -1,  0,  0],
       [ 1,  0,  1,  0,  2],
       [ 0,  0,  0, -1,  0],
       [ 0,  1,  0,  1,  0]])), (1, array([[ 1,  0,  1,  1,  1],
       [ 0,  0, -1,  0,  0],
       [ 0,  0,  0, -1,  0],
       [-1,  0, -1,  0, -2],
       [ 1,  1,  1,  1,  2]])), (1, array([[ 0, -1,  1, -1,  0],
       [ 1,  1,  0,  1,  1],
       [ 0,  0, -1,  0,  0],
       [ 0,  0,  0,  1,  0],
       [-1, -1,  0, -1, -2]])), (1, array([[ 0, -1,  1,  0,  0],
       [ 1,  1,  0,  1,  1],
       [ 0,  0, -1,  0,  0],
       [ 0,  0,  0, -1,  0],
       [-1, -1,  0,  0, -2]])), (1, array([[ 1,  0,  1,  1,  1],
       [ 0,  0, -1,  0,  0],
       [ 0,  0,  0, -1,  0],
       [-1,  0, -1,  0, -2],
       [ 0, -1,  1,  0,  0]])), (1, array([[ 0,  0, -1,  0, -1],
       [ 1,  0,  1,  0,  2],
       [ 0,  0,  0,  1,  0],
       [ 0,  0,  1,  0,  0],
       [-1, -1, -1, -1, -2]])), (1, array([[ 1,  0,  0,  0,  1],
       [ 0,  0,  0,  1,  0],
       [-1,  0, -1,  0, -2],
       [ 0,  0,  1,  0,  0],
       [ 0, -1,  0, -1,  0]])), (0, array([[ 0,  0,  1,  1,  0],
       [ 1,  1, -1,  0,  1],
       [-1, -1, -1, -1, -1],
       [ 1,  0,  0,  0,  1],
       [-1, -1,  1,  0, -2]])), (0, array([[-1, -1,  0,  0, -1],
       [ 1,  1, -1,  0,  1],
       [ 1,  0,  1,  0,  1],
       [ 1,  1,  0,  1,  1],
       [-2, -2,  0, -1, -3]])), (0, array([[ 1,  0,  1,  1,  1],
       [ 0,  1, -1,  0,  0],
       [-2, -1,  0, -1, -2],
       [ 0,  0, -1,  0,  0],
       [ 1, -1,  1,  0,  0]])), (2, array([[ 0,  0, -1,  0,  0],
       [ 0, -1,  0,  0,  0],
       [ 1,  1,  0,  1,  2],
       [ 1,  0,  0,  1,  1],
       [ 1,  0, -1,  0,  1]])), (2, array([[-1,  0,  0,  0, -1],
       [ 0,  0, -1,  0, -1],
       [-1, -1,  0,  0, -1],
       [ 0,  0,  0,  1,  0],
       [-1,  0, -1,  0, -1]])), (2, array([[-1,  0,  0,  0, -1],
       [-1, -1,  0,  0, -1],
       [ 0,  1,  0,  1,  1],
       [ 0,  0,  0,  1,  0],
       [-1,  0, -1,  0, -1]])), (2, array([[-1,  0,  0,  0, -1],
       [ 0,  0, -1,  0, -1],
       [ 0,  1,  0,  1,  1],
       [ 0,  0,  0,  1,  0],
       [-1,  0, -1,  0, -1]])), (1, array([[-1, -1,  1,  0, -1],
       [ 1,  1,  0,  1,  1],
       [ 0,  0, -1,  0,  0],
       [ 1,  0,  0,  0,  1],
       [-1, -1,  0, -1, -2]])), (1, array([[ 1,  0,  0,  0,  0],
       [ 0,  0, -1,  0,  0],
       [ 0,  0,  1,  1,  1],
       [-1,  0,  0,  0, -1],
       [ 0, -1,  0, -1, -1]])), (1, array([[ 0,  0,  1,  1,  0],
       [ 0,  0, -1,  0,  0],
       [ 1,  0,  0,  0,  1],
       [-1, -1,  0, -1, -1],
       [ 0,  0,  0,  0, -1]])), (0, array([[ 1,  0,  1,  1,  1],
       [-1, -1,  0, -1, -1],
       [-1,  0, -2,  0, -2],
       [ 0,  0,  0, -1,  1],
       [ 2,  1,  1,  1,  2]])), (0, array([[ 1,  0,  1,  1,  1],
       [ 0,  0, -1, -1,  0],
       [-2, -1, -1,  0, -3],
       [ 0,  0,  0, -1,  1],
       [ 1,  0,  2,  1,  1]])), (0, array([[ 0,  0, -1,  1, -1],
       [-1, -1,  0, -1, -1],
       [ 1,  1,  1, -1,  2],
       [ 0,  0,  0, -1,  1],
       [ 1,  0,  0,  2,  0]])), (0, array([[ 0,  0,  1,  0,  1],
       [-1,  0, -1,  0, -2],
       [ 0, -1, -1,  0, -1],
       [ 0,  1, -1,  0,  0],
       [ 1,  0,  2, -1,  3]])), (0, array([[ 1,  0,  1,  0,  2],
       [ 0,  0, -1,  0, -1],
       [-2, -1, -1,  0, -3],
       [ 0,  1, -1,  0,  0],
       [ 1,  0,  2, -1,  3]])), (0, array([[ 1,  1,  0,  0,  2],
       [-1,  0, -1,  0, -2],
       [-1, -1,  1,  0, -1],
       [ 0,  0,  0,  1, -1],
       [ 2,  1,  1, -1,  4]])), (0, array([[ 1,  0,  1,  0,  2],
       [-1, -1,  0,  0, -2],
       [-1,  0, -2,  0, -2],
       [-1,  0,  0,  0, -1],
       [ 2,  1,  1, -1,  4]])), (0, array([[-1,  0, -1,  0, -1],
       [ 1,  0,  1, -1,  2],
       [ 1,  0,  0,  1,  0],
       [ 1,  1,  1,  0,  2],
       [-2, -1, -1,  1, -3]])), (0, array([[ 1,  1,  0,  1,  1],
       [ 0,  0,  1, -1,  1],
       [-2, -1, -1,  0, -3],
       [ 0,  0,  0, -1,  1],
       [ 1,  0,  0,  2,  0]])), (0, array([[ 0,  0, -1,  0,  0],
       [ 1,  0,  1,  0,  1],
       [-1,  0,  0, -1, -1],
       [ 1,  1,  1,  0,  2],
       [-1, -1, -1,  0, -1]])), (0, array([[ 0,  1,  0,  0,  1],
       [ 1,  0,  1,  0,  1],
       [-1, -1, -1,  1, -3],
       [ 1,  0,  0,  0,  1],
       [-1,  0,  0,  0,  0]])), (0, array([[ 1,  1,  0,  0,  2],
       [ 0,  0,  1,  0,  0],
       [-1, -1, -1,  1, -3],
       [-1,  0,  0,  0, -1],
       [ 1,  0,  0,  0,  2]])), (0, array([[-1,  0, -1,  0, -2],
       [ 0,  0, -1,  0,  0],
       [-1, -1,  0,  0, -1],
       [ 1,  1,  1,  0,  2],
       [ 0,  0,  0,  1, -1]])), (2, array([[ 0,  1, -1,  0,  0],
       [ 1,  1,  0,  1,  1],
       [ 0,  0, -1,  0,  0],
       [ 1,  1,  0,  0,  2],
       [ 1,  1, -1,  0,  1]])), (2, array([[ 1,  0,  0,  0,  1],
       [ 1,  0,  1,  0,  2],
       [ 0,  0, -1,  0,  0],
       [ 1,  1,  0,  0,  2],
       [ 1,  0,  0, -1,  2]])), (2, array([[-1,  0,  0,  0, -1],
       [ 0,  0,  1,  0,  1],
       [-1,  0, -1,  0, -1],
       [ 0,  1,  0,  0,  1],
       [-1,  0,  0, -1,  0]])), (2, array([[ 1,  0,  0,  0,  1],
       [ 0,  0, -1,  0,  0],
       [ 1,  1,  0, -1,  2],
       [ 1,  1,  0,  0,  2],
       [ 1,  0,  0, -1,  2]])), (2, array([[-1,  0,  0,  0, -1],
       [-1,  0, -1,  0, -1],
       [ 0,  1,  0, -1,  1],
       [ 0,  1,  0,  0,  1],
       [-1,  0,  0, -1,  0]])), (1, array([[ 0,  0, -1,  1, -1],
       [ 1,  1,  1,  0,  2],
       [ 0,  0,  0, -1,  1],
       [-1,  0,  0,  0, -1],
       [ 0, -1,  0,  1, -1]])), (1, array([[-1,  0, -1,  0, -1],
       [ 1,  1,  1,  0,  2],
       [ 1,  0,  0,  0,  1],
       [ 0,  0,  0,  1, -1],
       [-1, -1,  0,  0, -1]])), (1, array([[ 0,  0, -1,  0,  0],
       [ 1,  1,  1,  0,  2],
       [-1,  0,  0,  0, -1],
       [ 0,  0,  0,  1, -1],
       [ 0, -1,  0,  0,  0]])), (1, array([[ 1,  0,  1,  1,  1],
       [ 0,  0,  0, -1,  1],
       [ 0,  1, -1,  0,  0],
       [-1,  0,  0,  0, -1],
       [ 0, -1,  0,  1, -1]])), (1, array([[ 0,  0,  1,  0,  1],
       [ 0,  1, -1,  0,  0],
       [ 1,  0,  0,  0,  1],
       [ 0,  0,  0,  1, -1],
       [-1, -1,  0,  0, -1]])), (1, array([[ 0,  0,  1,  0,  1],
       [ 0,  1, -1,  0,  0],
       [ 1,  0,  0,  0,  1],
       [-1, -1, -1,  0, -2],
       [ 0,  0,  1,  1,  0]])), (0, array([[ 0,  0,  0,  0,  1],
       [ 0,  1,  0,  0,  0],
       [ 0, -1,  1,  0, -1],
       [ 1,  1,  0,  0,  1],
       [-1, -2, -1, -1, -1]])), (0, array([[ 1,  2,  0,  1,  2],
       [ 0, -1,  0, -1, -1],
       [-1, -2,  0,  0, -2],
       [ 0, -1,  0, -1,  0],
       [ 0,  2, -1,  1,  1]])), (0, array([[ 0,  1,  0,  1,  1],
       [-1, -2,  0, -1, -2],
       [ 1,  1,  1,  0,  1],
       [ 0, -1,  0,  0, -1],
       [ 0,  2, -1,  1,  1]])), (0, array([[ 1,  1,  0,  0,  2],
       [-1, -2,  0, -1, -2],
       [ 0,  1,  1,  1,  0],
       [ 0, -1,  0,  0, -1],
       [ 1,  2, -1,  0,  2]])), (0, array([[ 1,  1,  0,  1,  1],
       [-1, -2,  0, -1, -2],
       [ 0,  0,  0, -1,  1],
       [-1, -1,  0,  0, -1],
       [ 1,  2, -1,  1,  1]])), (0, array([[ 0,  1,  1,  1,  1],
       [ 0,  0, -1, -1,  0],
       [-1, -2, -1, -1, -3],
       [ 0,  0, -1,  0,  0],
       [ 0,  0,  2,  1,  1]])), (0, array([[ 1,  2,  0,  1,  2],
       [-1, -2, -1, -1, -2],
       [ 0, -1,  1,  0, -1],
       [-1, -1,  0,  0, -1],
       [ 2,  3,  1,  1,  4]])), (0, array([[ 0,  1,  0,  1,  1],
       [-1, -2,  0, -1, -2],
       [ 0,  0, -1, -1, -1],
       [ 0, -1,  0,  0, -1],
       [ 1,  3,  1,  2,  3]])), (0, array([[ 1,  2,  1,  1,  2],
       [-1, -2,  0, -1, -2],
       [-1, -1, -2, -1, -2],
       [ 0, -1,  0,  0, -1],
       [ 2,  3,  1,  1,  4]])), (0, array([[ 1,  1,  1,  1,  1],
       [-1, -1,  0, -1, -1],
       [-1, -1, -2, -1, -2],
       [ 0, -1,  0, -1,  0],
       [ 2,  3,  1,  2,  3]])), (0, array([[ 1,  1,  0,  1,  1],
       [-1, -2,  0, -1, -2],
       [ 0,  0,  0, -1,  1],
       [-1, -1,  0,  0, -1],
       [ 2,  3,  1,  2,  3]])), (0, array([[ 1,  1,  0,  1,  1],
       [-1, -2,  0, -1, -2],
       [-1,  0,  0,  0,  0],
       [ 0, -1,  0, -1,  0],
       [ 2,  3,  1,  2,  3]])), (2, array([[0, 1, 0, 1, 0],
       [0, 1, 0, 1, 1],
       [1, 2, 1, 1, 2],
       [1, 2, 0, 1, 2],
       [0, 2, 0, 1, 1]])), (2, array([[ 1,  1,  0,  0,  1],
       [ 1,  0,  1,  0,  1],
       [ 0, -1, -1, -1, -1],
       [ 1,  0,  0,  0,  1],
       [ 1,  0,  0, -1,  1]])), (2, array([[ 0, -1,  0,  0, -1],
       [ 0,  0,  0,  1,  0],
       [ 1,  1,  1,  1,  1],
       [ 1,  1,  0,  1,  1],
       [ 0,  0,  0,  1, -1]])), (2, array([[ 1,  1,  0,  0,  1],
       [ 1,  2,  1,  1,  2],
       [ 0,  1, -1,  0,  0],
       [ 1,  2,  0,  1,  2],
       [ 1,  2,  0,  0,  2]])), (2, array([[ 0, -1,  0,  0, -1],
       [ 1,  0,  0,  0,  1],
       [ 1,  1,  1,  1,  1],
       [ 1,  1,  0,  1,  1],
       [ 1,  0,  0,  0,  0]])), (2, array([[ 0, -1,  0,  0, -1],
       [ 0,  0,  0,  1,  0],
       [ 0,  0, -1,  0, -1],
       [ 1,  1,  0,  1,  1],
       [ 0,  0,  0,  1, -1]])), (2, array([[ 0, -1,  0,  0, -1],
       [ 1,  1,  1,  1,  1],
       [ 0,  0, -1,  0, -1],
       [ 1,  1,  0,  1,  1],
       [ 1,  0,  0,  0,  0]])), (2, array([[ 0, -1,  0, -1,  0],
       [ 1,  0,  1,  0,  1],
       [ 0, -1, -1, -1, -1],
       [ 1,  0,  0,  0,  1],
       [ 1,  0,  0, -1,  1]])), (1, array([[ 0, -1,  0,  0,  0],
       [ 1,  1,  0,  0,  1],
       [ 0,  1,  0,  1,  0],
       [ 0,  1,  0,  0,  1],
       [-1, -2, -1, -1, -2]])), (1, array([[ 1,  2,  0,  1,  2],
       [ 0, -1,  0,  0, -1],
       [ 0, -1,  0, -1,  0],
       [-1, -1,  0,  0, -1],
       [ 0,  1, -1,  0,  0]])), (1, array([[ 0,  0,  1,  1,  0],
       [ 0,  0, -1,  0,  0],
       [ 1,  1,  0,  0,  1],
       [ 0, -1,  0, -1,  0],
       [ 0,  1,  1,  1,  1]])), (1, array([[ 1,  2,  1,  1,  2],
       [ 0,  0, -1,  0,  0],
       [ 0, -1,  0,  0, -1],
       [-1, -1,  0,  0, -1],
       [ 1,  1,  1,  0,  2]])), (1, array([[ 1,  2,  0,  1,  2],
       [ 0, -1,  0,  0, -1],
       [ 0, -1,  0, -1,  0],
       [-1, -1,  0,  0, -1],
       [ 1,  2,  1,  1,  2]])), (0, array([[ 1,  2,  1,  1,  2],
       [-1, -2,  0,  0, -2],
       [-1, -1, -2, -1, -2],
       [ 0, -1,  0,  0, -1],
       [ 1,  3,  1,  0,  3]])), (0, array([[ 1,  1,  0,  0,  2],
       [-1, -2,  0,  0, -2],
       [-1,  0,  0, -1, -1],
       [ 0, -1,  0,  0, -1],
       [ 2,  3,  1,  1,  4]])), (2, array([[ 0, -1,  0,  0, -1],
       [ 0,  0,  0, -1,  0],
       [ 1,  1,  1,  1,  1],
       [ 1,  1,  0,  0,  1],
       [ 0,  0,  0,  0, -1]])), (2, array([[ 1,  1,  0,  1,  1],
       [ 1,  2,  1,  1,  2],
       [ 0,  1, -1,  0,  0],
       [ 1,  2,  0,  0,  2],
       [ 1,  2,  0,  1,  2]])), (2, array([[ 0, -1,  0,  0, -1],
       [ 1,  1,  1,  1,  1],
       [ 0,  0, -1,  0, -1],
       [ 1,  1,  0,  0,  1],
       [ 0,  0,  0,  0, -1]])), (2, array([[ 0, -1,  0,  0,  0],
       [ 1,  0,  1,  1,  1],
       [ 0, -1, -1,  0, -1],
       [ 1,  0,  0,  0,  1],
       [ 1,  0,  0,  1,  1]])), (2, array([[ 0, -1,  0,  0, -1],
       [ 1,  0,  0,  0,  1],
       [ 0,  0,  0, -1,  0],
       [ 1,  1,  0,  0,  1],
       [ 1,  0,  1,  0,  1]])), (1, array([[ 0, -1,  0, -1,  0],
       [ 1,  1,  0,  1,  1],
       [ 0,  1,  0,  0,  0],
       [ 0,  1,  0,  0,  1],
       [-1, -2, -1, -1, -2]])), (0, array([[-1,  0,  0, -1,  0],
       [ 1,  1,  0,  1,  1],
       [ 0, -1,  0,  1, -2],
       [ 1,  1,  0,  0,  1],
       [-2, -2, -1, -2, -2]])), (0, array([[ 0,  1,  1,  0,  2],
       [-1, -2, -1,  0, -3],
       [ 1,  1,  0,  1,  0],
       [ 0, -1,  0,  0, -1],
       [ 1,  2,  1,  0,  4]])), (0, array([[ 1,  1,  1,  0,  2],
       [-1, -2, -1,  0, -3],
       [-1,  0, -1, -1, -1],
       [-1, -1,  0,  0, -1],
       [ 2,  2,  1,  0,  4]])), (2, array([[1, 1, 1, 1, 2],
       [0, 1, 1, 0, 2],
       [1, 2, 1, 1, 2],
       [1, 2, 1, 0, 3],
       [1, 2, 1, 1, 3]])), (2, array([[ 0, -1,  0,  0, -1],
       [ 0,  0,  1,  0,  1],
       [ 1,  1,  1,  1,  1],
       [ 1,  1,  1,  0,  2],
       [ 1,  0,  1,  1,  1]])), (1, array([[-1, -1,  0, -1, -1],
       [ 1,  1,  0,  0,  1],
       [ 1,  1,  1,  1,  2],
       [ 0,  1,  0,  0,  1],
       [-1, -2, -1, -1, -2]])), (1, array([[ 1,  2,  1,  0,  3],
       [ 0, -1,  0,  0, -1],
       [-1, -1, -1, -1, -2],
       [-1, -1,  0,  0, -1],
       [ 1,  1,  0,  0,  2]])), (1, array([[ 0,  0,  1,  1,  0],
       [ 0,  0,  0, -1,  1],
       [ 1,  1,  0,  0,  1],
       [-1, -1, -1, -1, -2],
       [ 0,  1,  1,  1,  1]])), (0, array([[ 0,  1, -1,  0,  0],
       [ 0,  0,  1,  0,  0],
       [ 1, -1,  2,  1,  2],
       [ 0,  0,  0,  0, -1],
       [-1,  1, -2,  0, -1]])), (0, array([[ 1,  0,  1,  1,  2],
       [ 0,  0,  1,  0,  0],
       [-1,  0, -2, -1, -3],
       [ 0,  1,  0,  0,  0],
       [ 0,  0,  0,  1,  1]])), (0, array([[ 0,  1, -1,  0, -1],
       [ 0,  0,  1,  0,  1],
       [ 1, -1,  2,  1,  2],
       [ 0,  0,  0,  0,  1],
       [-1,  1, -2,  0, -3]])), (0, array([[ 0,  0, -1,  0, -1],
       [-1,  0, -1, -1, -1],
       [ 1, -1,  2,  0,  2],
       [ 0,  1,  0,  0,  0],
       [ 0,  0,  0,  1, -1]])), (0, array([[ 0,  1, -1,  0, -1],
       [ 0,  0,  1,  0,  1],
       [ 0, -1,  0,  0,  1],
       [ 1,  0,  2,  1,  2],
       [-1,  1, -2,  0, -3]])), (0, array([[ 0,  0, -1,  0, -1],
       [ 0,  0,  1,  0,  0],
       [ 0, -1,  0, -1,  1],
       [ 0,  1,  0,  0,  0],
       [-1,  0, -2,  0, -2]])), (0, array([[ 0, -1, -1, -1, -1],
       [ 0,  0,  1,  0,  1],
       [-1,  1,  0,  1, -1],
       [ 0,  1,  0,  0,  0],
       [ 0, -1, -2, -1, -1]])), (0, array([[ 1, -1,  1,  0,  2],
       [-1,  0, -1, -1, -2],
       [-1,  1,  0,  1, -1],
       [ 0,  1,  0,  0,  0],
       [ 1, -1,  0,  0,  2]])), (0, array([[ 1,  0,  1,  1,  2],
       [-1,  1, -1,  0, -2],
       [ 0,  0,  0, -1,  0],
       [ 0,  0,  0,  0, -1],
       [ 1, -1,  0,  0,  2]])), (0, array([[ 0,  0, -1,  0, -1],
       [ 0,  1,  1,  1,  1],
       [ 1, -1,  2,  0,  2],
       [ 0,  1,  0,  0,  0],
       [ 0, -1, -2, -1, -1]])), (0, array([[ 1,  0,  1,  0,  2],
       [-1,  0, -1,  0, -1],
       [-1,  0,  0,  0, -2],
       [ 0,  1,  0,  1,  0],
       [ 1,  0,  0, -1,  1]])), (0, array([[-1, -1, -1, -1, -1],
       [ 1,  0,  1,  0,  2],
       [ 1, -1,  1,  0,  1],
       [ 0,  1,  0,  1,  0],
       [-1,  0, -2, -1, -2]])), (0, array([[-1,  0, -1, -1, -2],
       [ 0,  1, -1,  0,  0],
       [ 0,  0, -1,  0, -1],
       [ 1,  0,  2,  1,  2],
       [ 0, -1,  0, -1,  0]])), (0, array([[-1,  0, -1, -1, -1],
       [ 0,  1, -1,  0, -1],
       [ 0,  0, -1,  0,  0],
       [ 1,  0,  2,  1,  2],
       [ 0, -1,  0, -1,  0]])), (0, array([[-1, -1, -1, -1, -2],
       [ 0,  0, -1, -1,  0],
       [ 1, -1,  1,  0,  2],
       [ 0,  1,  0,  1,  0],
       [ 0,  0,  0,  0, -1]])), (0, array([[-1, -1, -1, -1, -2],
       [ 0,  1, -1,  0, -1],
       [-1,  1, -1,  0, -1],
       [ 1,  0,  2,  1,  2],
       [ 0, -1,  0,  0,  0]])), (2, array([[1, 0, 2, 1, 2],
       [1, 0, 1, 1, 2],
       [1, 0, 1, 0, 2],
       [1, 1, 1, 1, 2],
       [1, 0, 2, 1, 3]])), (2, array([[1, 0, 2, 1, 2],
       [1, 0, 1, 1, 1],
       [1, 0, 1, 0, 1],
       [1, 1, 1, 1, 1],
       [1, 0, 2, 1, 1]])), (2, array([[0, 1, 0, 0, 0],
       [1, 0, 1, 0, 2],
       [0, 1, 1, 1, 1],
       [1, 1, 1, 1, 2],
       [0, 1, 0, 0, 1]])), (2, array([[0, 0, 0, 0, 1],
       [1, 0, 1, 1, 2],
       [1, 0, 1, 0, 2],
       [1, 1, 1, 1, 2],
       [1, 0, 2, 1, 3]])), (2, array([[ 0,  1,  0,  0,  0],
       [ 1,  0,  1,  0,  1],
       [ 0,  1,  1,  1,  0],
       [ 1,  1,  1,  1,  1],
       [ 0,  1,  0,  0, -1]])), (2, array([[ 0,  0,  0,  0,  1],
       [ 0,  1, -1,  0,  0],
       [ 1,  0,  1,  1,  2],
       [ 1,  1,  1,  1,  2],
       [ 0,  1,  0,  1,  1]])), (0, array([[ 0, -1,  1,  0,  0],
       [ 0,  1,  0,  0,  0],
       [ 0,  1, -2,  0, -1],
       [-1,  0,  0,  0, -1],
       [ 1, -1,  2,  1,  2]])), (0, array([[-1,  0, -2, -1, -2],
       [ 1,  0,  1,  1,  2],
       [ 1,  1,  2,  1,  2],
       [ 0,  0,  1,  1,  0],
       [-1,  0, -3, -2, -3]])), (0, array([[ 0, -1,  0,  0,  0],
       [ 0,  1,  1,  1,  0],
       [ 0,  0,  0, -1,  0],
       [-1,  0,  0,  0, -1],
       [ 0, -1, -2, -1, -1]])), (0, array([[-1, -1, -1, -1, -1],
       [ 1,  1,  0,  1,  1],
       [ 1,  1,  2,  1,  2],
       [ 0,  0,  1,  1,  0],
       [-2, -1, -2, -2, -3]])), (0, array([[-1,  0, -1, -1, -2],
       [ 1,  1,  0,  1,  1],
       [ 1,  0,  2,  1,  3],
       [ 0,  0,  1,  1,  0],
       [-1, -1, -1, -2, -2]])), (0, array([[-1, -1,  0, -1, -1],
       [ 1,  1,  1,  1,  1],
       [ 0,  1, -2,  0, -1],
       [ 0,  0,  1,  1,  0],
       [-1, -2, -1, -2, -1]])), (0, array([[-1, -1,  0, -1, -1],
       [ 1,  0,  1,  1,  2],
       [ 0,  1, -2,  0, -1],
       [ 0,  0,  1,  1,  0],
       [-1, -1, -1, -2, -2]])), (0, array([[-1, -1,  0, -1, -1],
       [ 1,  0,  1,  1,  2],
       [ 1,  2,  0,  1,  1],
       [ 0,  0,  1,  1,  0],
       [-1, -1, -1, -2, -2]])), (0, array([[-1, -1,  0,  0, -1],
       [ 1,  0,  1,  0,  2],
       [ 1,  2,  0,  1,  1],
       [ 0,  0,  1,  0,  0],
       [-2, -1, -2, -1, -3]])), (0, array([[-1,  0,  0,  0, -2],
       [ 1,  0,  1,  0,  2],
       [ 0, -1,  0,  0,  1],
       [ 0,  0, -1, -1,  0],
       [-1,  0, -1,  0, -3]])), (0, array([[-1,  0,  0,  0, -2],
       [ 1,  0,  1,  0,  2],
       [ 1,  1,  0,  1,  2],
       [ 0, -1,  1,  0,  1],
       [-1,  0, -1,  0, -3]])), (0, array([[-1, -1,  1,  0, -1],
       [ 0,  1, -1,  0,  0],
       [ 2,  1,  1,  1,  3],
       [ 0,  1, -1,  0, -1],
       [-1, -2,  1,  0, -1]])), (0, array([[-1, -1,  1,  0, -1],
       [ 1,  1,  0,  0,  1],
       [ 1,  1,  0,  1,  2],
       [ 0,  1, -1,  0, -1],
       [-1, -2,  1,  0, -1]])), (0, array([[ 1,  0,  0,  0,  2],
       [-1, -1,  0,  0, -1],
       [ 0,  0, -1,  0, -1],
       [ 0,  0,  1,  0,  0],
       [ 0,  0, -1, -1,  0]])), (0, array([[ 0,  1, -1,  0,  0],
       [ 0,  0, -1,  0, -1],
       [ 0, -1, -1, -1,  0],
       [ 0,  0,  1,  0,  0],
       [-1,  0,  0,  0, -1]])), (0, array([[ 1,  1, -1,  0,  1],
       [-1,  0, -1,  0, -2],
       [-1,  0, -1, -1, -2],
       [ 0, -1,  1,  0,  1],
       [ 1,  0,  0,  0,  1]])), (0, array([[ 1,  1, -1,  0,  1],
       [-1,  0, -1,  0, -2],
       [ 0,  1,  1,  1,  0],
       [ 0, -1,  1,  0,  1],
       [ 1,  0,  0,  0,  1]])), (2, array([[ 0, -1,  1,  0,  1],
       [-1, -1,  0,  0, -1],
       [-1, -1,  0, -1, -1],
       [-1, -1,  1,  0, -1],
       [-1, -1,  1,  0,  0]])), (2, array([[ 0,  0,  1,  0,  0],
       [-1,  0, -1, -1, -2],
       [ 0,  1,  1,  1,  0],
       [-1,  0,  0,  0, -2],
       [ 0,  1,  0,  0, -1]])), (2, array([[-1,  0,  0,  0, -1],
       [-1,  0,  0,  0, -2],
       [-1, -1,  0, -1, -1],
       [-1, -1,  1,  0, -1],
       [-1,  0,  1,  0, -1]])), (2, array([[-1,  0,  0,  0, -1],
       [-1,  0,  0,  0, -2],
       [ 0,  0,  2,  1,  1],
       [-1, -1,  1,  0, -1],
       [-1,  0,  1,  0, -1]])), (2, array([[-1,  0,  0,  0, -1],
       [-1, -1,  0,  0, -1],
       [ 0,  0,  2,  1,  1],
       [-1, -1,  1,  0, -1],
       [-1,  0,  1,  1, -1]])), (2, array([[ 1,  0,  0,  0,  1],
       [ 0, -1,  0,  0,  0],
       [ 1,  0,  2,  1,  2],
       [ 0, -1,  1,  0,  0],
       [ 1,  0,  1,  1,  1]])), (2, array([[ 0,  1, -1,  0, -1],
       [-1,  0, -1,  0, -2],
       [ 0,  1,  1,  1,  0],
       [-1,  0,  0,  0, -2],
       [ 0,  1,  0,  1, -1]])), (2, array([[-1,  0,  0,  0, -1],
       [-1,  0,  0,  0, -2],
       [-1, -1,  0, -1, -1],
       [-1, -1,  1,  0, -1],
       [-2, -1, -1, -1, -3]])), (2, array([[ 0,  1, -1,  0, -1],
       [-1,  0, -1,  0, -2],
       [-1,  0, -1, -1, -2],
       [-1,  0,  0,  0, -2],
       [-1,  0, -2, -1, -3]])), (2, array([[ 1,  0,  0,  0,  1],
       [ 0, -1,  0,  0,  0],
       [ 0, -1,  0, -1,  0],
       [ 0, -1,  1,  0,  0],
       [ 0, -1, -1, -1, -1]])), (1, array([[ 0, -1,  0,  0,  0],
       [ 0,  0,  1,  0,  0],
       [-1,  0,  0,  0, -1],
       [ 0,  1, -1,  0, -1],
       [ 1,  0,  1,  1,  2]])), (0, array([[-1,  0, -2, -1, -2],
       [ 0,  0,  1,  0,  1],
       [ 2,  1,  2,  2,  3],
       [ 1,  0,  1,  0,  1],
       [-2,  0, -3, -1, -4]])), (0, array([[ 0, -1,  0,  0,  0],
       [ 1,  1,  0,  0,  1],
       [-1,  1, -1,  0, -2],
       [ 1,  0,  1,  0,  1],
       [ 0, -1,  1,  1,  1]])), (0, array([[-2, -1, -1, -1, -2],
       [ 1,  1,  0,  0,  1],
       [ 2,  1,  2,  2,  3],
       [ 1,  0,  1,  0,  1],
       [-3, -1, -2, -1, -4]])), (0, array([[ 0, -1,  0,  0,  0],
       [ 0,  0,  1,  0,  1],
       [-1,  1, -2, -1, -2],
       [ 1,  0,  1,  0,  1],
       [ 1,  0,  0,  1,  1]])), (0, array([[-1,  0, -2, -1, -2],
       [ 0,  0,  1,  1,  1],
       [ 2,  1,  2,  1,  3],
       [ 1,  0,  1,  1,  1],
       [-2,  0, -3, -2, -4]])), (0, array([[-1, -1,  0,  0, -1],
       [ 2,  1,  1,  1,  2],
       [ 0,  0,  0, -1,  0],
       [ 1,  0,  0,  0,  1],
       [-3, -1, -2, -1, -4]])), (0, array([[ 1,  0,  0,  0,  0],
       [ 0,  0,  1,  0,  1],
       [-2,  0, -2, -1, -2],
       [ 0, -1,  1,  0,  1],
       [ 2,  1,  0,  1,  1]])), (0, array([[-1, -1,  0, -1, -1],
       [ 0,  1,  0,  1,  0],
       [ 2,  1,  1,  1,  3],
       [ 1,  0,  1,  1,  1],
       [-1, -1, -1, -2, -2]])), (0, array([[ 1, -1,  1,  0,  1],
       [ 0,  1,  0,  0,  0],
       [-2,  0, -2, -1, -2],
       [-1,  0,  0,  0, -1],
       [ 2, -1,  2,  1,  3]])), (0, array([[ 1, -1,  1,  0,  1],
       [ 0,  1, -1,  0,  0],
       [-2,  0, -1, -1, -2],
       [ 0,  1, -1,  0, -1],
       [ 2, -1,  3,  1,  3]])), (0, array([[ 0, -1,  1,  0,  0],
       [-1,  1, -1,  0, -1],
       [ 0,  0, -1,  0,  0],
       [ 0,  1, -1,  0, -1],
       [ 2, -1,  3,  1,  3]])), (0, array([[ 0, -1,  0, -1,  0],
       [ 0,  0,  1,  1,  1],
       [-1,  1, -2,  0, -2],
       [ 1,  0,  1,  1,  1],
       [-1, -1, -1, -2, -2]])), (0, array([[ 0, -1,  0, -1,  0],
       [ 1,  1,  0,  1,  1],
       [-2,  0, -1,  0, -2],
       [ 1,  0,  1,  1,  1],
       [-1, -1, -1, -2, -2]])), (0, array([[ 0,  0, -1,  0, -1],
       [-1,  0,  0,  0,  0],
       [ 2,  1,  2,  1,  3],
       [ 0, -1,  1,  0,  1],
       [ 0,  0, -2, -1, -2]])), (0, array([[ 1, -1,  1,  0,  1],
       [-1,  0,  0,  0,  0],
       [-1,  1, -1,  0, -2],
       [-1,  0, -1,  0, -1],
       [ 1, -1,  0, -1,  0]])), (0, array([[ 0,  1,  0,  0,  0],
       [ 1,  0,  0,  0,  0],
       [-1,  0, -1,  0, -2],
       [ 0, -1,  1,  0,  1],
       [-1,  0, -1, -1, -1]])), (0, array([[-1,  0,  0,  0,  0],
       [ 0, -1,  1,  0,  0],
       [-1,  0, -1,  0, -2],
       [ 1,  0,  0,  0,  1],
       [-1,  0, -1, -1, -1]])), (0, array([[ 0,  1, -1,  0,  0],
       [ 0, -1,  0,  0,  0],
       [-2, -1, -1, -1, -2],
       [ 1,  0,  1,  0,  1],
       [ 0,  1, -1,  0, -1]])), (0, array([[-1,  1, -1,  0, -1],
       [ 0,  0, -1,  0, -1],
       [-1, -1, -1, -1, -1],
       [ 1,  0,  1,  0,  1],
       [-1,  0,  0,  0, -1]])), (0, array([[ 0,  1, -1,  0,  0],
       [-1,  0, -1,  0, -2],
       [-2, -1, -1, -1, -2],
       [ 1,  0,  1,  0,  1],
       [ 1,  0,  0,  0,  1]])), (0, array([[-1,  0,  0,  0,  0],
       [-1,  0, -1,  0, -2],
       [-1,  0, -1, -1, -2],
       [ 1,  0,  0,  0,  1],
       [ 0, -1,  1,  0,  1]])), (2, array([[ 0, -1,  1,  0,  1],
       [ 0, -1,  0,  0,  0],
       [ 0, -1,  0, -1,  0],
       [ 1, -1,  1,  0,  1],
       [ 1, -1,  1,  0,  2]])), (2, array([[ 1,  0,  1,  0,  1],
       [ 0,  0, -1, -1, -1],
       [ 2,  1,  1,  1,  2],
       [ 1,  0,  0,  0,  0],
       [ 1,  1,  0,  0,  0]])), (2, array([[ 1,  0,  1,  0,  1],
       [-1, -1,  0, -1, -1],
       [ 1,  0,  2,  1,  2],
       [ 0, -1,  1,  0,  0],
       [ 0,  0,  1,  0,  0]])), (2, array([[ 1,  0,  1,  0,  1],
       [ 0, -1,  0, -1,  0],
       [ 2,  0,  2,  1,  3],
       [ 1, -1,  1,  0,  1],
       [ 2,  0,  1,  0,  2]])), (2, array([[-1,  0,  0,  0, -1],
       [ 0,  0,  0,  0, -1],
       [-1, -1,  0, -1, -1],
       [ 0, -1,  1,  0,  0],
       [ 0,  0,  1,  0,  0]])), (2, array([[ 1,  0,  0,  0,  1],
       [ 1,  0,  0,  0,  0],
       [ 0, -1,  0,  0,  0],
       [ 1, -1,  1,  0,  1],
       [ 2,  0,  1,  1,  2]])), (2, array([[ 0, -1,  1,  0,  1],
       [ 0, -1,  0,  0,  0],
       [ 2,  0,  2,  1,  3],
       [ 1, -1,  1,  0,  1],
       [ 1, -1,  1,  0,  2]])), (2, array([[ 0,  1, -1,  0, -1],
       [ 0,  0, -1,  0, -1],
       [ 0,  0, -1, -1, -1],
       [ 1,  0,  0,  0,  0],
       [-1,  0, -2, -1, -3]])), (2, array([[-1,  0,  0,  0, -1],
       [-1, -1,  0,  0, -1],
       [-1, -1,  0, -1, -1],
       [ 0, -1,  1,  0,  0],
       [-2, -1, -1, -1, -3]])), (1, array([[-1, -1,  0,  0, -1],
       [ 1,  0,  1,  0,  1],
       [ 1,  0,  0,  0,  1],
       [ 0,  1, -1,  0, -1],
       [ 0,  0,  1,  1,  1]])), (1, array([[ 0, -1,  0,  0,  0],
       [ 1,  0,  1,  0,  1],
       [-1,  0,  0,  0, -1],
       [ 0,  1, -1,  0, -1],
       [ 1,  0,  1,  1,  2]])), (1, array([[ 0,  0,  0,  0, -1],
       [ 0, -1,  1,  0,  1],
       [ 1,  0,  0,  0,  1],
       [-1,  0, -1,  0, -1],
       [ 1,  1,  1,  1,  1]])), (1, array([[ 0, -1,  1,  0,  0],
       [ 1,  0,  0,  0,  1],
       [ 0,  1, -1,  0, -1],
       [-1,  0, -1,  0, -1],
       [ 1,  0,  2,  1,  2]])), (1, array([[ 0, -1,  0,  0,  0],
       [ 1,  0,  1,  0,  1],
       [ 0,  1, -1,  0, -1],
       [-1,  0, -1, -1, -1],
       [-1, -1,  0,  0, -1]])), (0, array([[ 0,  0,  1,  1,  1],
       [ 0,  0, -1, -1,  0],
       [-1, -1,  0, -1, -2],
       [ 1,  1,  0,  0,  1],
       [ 1,  0,  2,  2,  2]])), (0, array([[ 0,  0,  1,  1,  0],
       [ 0,  0, -1, -1, -1],
       [-1,  0, -2, -1, -1],
       [ 1,  1,  0,  0,  1],
       [ 1,  0,  2,  2,  2]])), (0, array([[ 0,  0,  1,  1,  1],
       [ 1,  0,  1,  0,  1],
       [-2, -1, -2, -2, -3],
       [ 1,  1,  0,  0,  1],
       [ 0,  0,  0,  1,  1]])), (0, array([[-1, -1,  1,  0,  0],
       [ 0,  0, -1, -1, -1],
       [ 2,  1,  0,  1,  2],
       [ 1,  1,  0,  0,  1],
       [-2, -1,  0,  0, -1]])), (0, array([[ 0,  0,  1,  1,  0],
       [-1, -1, -1, -1, -1],
       [ 0,  0,  0, -1,  0],
       [ 0,  0,  0,  0,  1],
       [ 2,  1,  2,  2,  2]])), (0, array([[-1,  0, -1,  0, -2],
       [ 2,  1,  1,  1,  3],
       [ 0,  0,  0, -1,  0],
       [ 1,  0,  2,  1,  2],
       [-3, -1, -2, -1, -4]])), (0, array([[ 1,  1,  1,  1,  2],
       [ 0, -1,  1,  0,  0],
       [-2, -1, -2, -1, -3],
       [ 0,  0,  0,  0, -1],
       [ 2,  2,  0,  1,  3]])), (0, array([[ 1,  1,  1,  1,  1],
       [ 0,  0, -1, -1,  0],
       [-2, -1, -2, -1, -3],
       [-1, -1,  0, -1, -1],
       [ 1,  1,  2,  2,  2]])), (0, array([[ 1,  1,  1,  1,  1],
       [ 0, -1,  1,  0,  1],
       [-1,  0, -2, -1, -1],
       [-1, -1,  0, -1, -1],
       [ 0,  1,  0,  1, -1]])), (0, array([[ 0, -1,  1,  0,  0],
       [ 0,  0,  1,  1,  1],
       [-1,  0, -1,  0, -2],
       [ 1,  1,  0,  0,  1],
       [-1, -1,  0, -1, -1]])), (0, array([[-1, -1, -1, -1, -1],
       [ 0,  0,  1,  1,  1],
       [-1,  0, -1,  0, -2],
       [ 1,  1,  0,  0,  1],
       [-1, -1,  0, -1, -1]])), (0, array([[-1, -1, -1, -1, -1],
       [ 0,  1, -1,  0,  0],
       [-1,  0, -1,  0, -2],
       [ 1,  0,  2,  1,  2],
       [-1, -1,  0, -1, -1]])), (0, array([[-1, -1, -1, -1, -1],
       [-1,  0, -1,  0, -2],
       [-1, -1,  1,  0, -1],
       [ 1,  1,  0,  0,  1],
       [ 0,  0,  0,  0,  1]])), (2, array([[ 0,  0,  0,  0, -1],
       [ 0,  0,  1,  1,  0],
       [ 0,  0,  1,  0,  0],
       [ 1,  1,  1,  1,  1],
       [ 1,  0,  2,  1,  1]])), (2, array([[1, 1, 0, 0, 1],
       [0, 0, 1, 0, 1],
       [2, 1, 1, 1, 3],
       [1, 1, 1, 1, 2],
       [1, 1, 0, 0, 2]])), (2, array([[1, 1, 0, 0, 1],
       [0, 0, 1, 0, 0],
       [2, 1, 1, 1, 2],
       [1, 1, 1, 1, 1],
       [2, 1, 2, 1, 3]])), (2, array([[ 0,  0,  0,  0,  1],
       [ 0,  1, -1,  0,  0],
       [ 0,  0,  1,  0,  1],
       [ 1,  1,  1,  1,  2],
       [ 1,  1,  0,  0,  2]])), (2, array([[ 0,  0,  0,  0, -1],
       [ 0,  0,  1,  0,  0],
       [ 2,  1,  1,  1,  2],
       [ 1,  1,  1,  1,  1],
       [ 1,  0,  2,  1,  1]])), (2, array([[ 0,  0,  0,  0, -1],
       [ 0,  0,  1,  1,  0],
       [ 2,  1,  1,  1,  2],
       [ 1,  1,  1,  1,  1],
       [ 1,  0,  2,  1,  1]])), (2, array([[ 0,  0,  0,  0, -1],
       [ 0,  0,  1,  0,  0],
       [ 2,  1,  1,  1,  2],
       [ 1,  1,  1,  1,  1],
       [ 1,  1,  0,  0,  0]])), (2, array([[0, 0, 0, 0, 1],
       [0, 0, 1, 0, 1],
       [2, 1, 1, 1, 3],
       [1, 1, 1, 1, 2],
       [1, 1, 0, 0, 2]])), (2, array([[ 0,  0,  0,  0,  1],
       [ 0,  1, -1,  0,  0],
       [ 2,  1,  1,  1,  3],
       [ 1,  1,  1,  1,  2],
       [ 1,  1,  0,  0,  2]])), (2, array([[ 0,  0,  0,  0, -1],
       [ 0,  0,  1,  1,  0],
       [ 2,  1,  1,  1,  2],
       [ 1,  1,  1,  1,  1],
       [ 1,  1,  0,  1,  0]])), (2, array([[-1,  0, -2, -1, -2],
       [-1,  0, -1,  0, -2],
       [ 1,  1, -1,  0,  0],
       [ 0,  1, -1,  0, -1],
       [ 0,  1, -2,  0, -1]])), (1, array([[ 0,  0,  1,  0,  0],
       [ 1,  1,  0,  1,  1],
       [ 0,  0,  0,  0,  1],
       [-1, -1,  0,  0, -1],
       [-1,  0, -1, -1, -2]])), (1, array([[ 0,  1, -1,  0,  0],
       [ 1,  0,  2,  1,  2],
       [ 0,  0,  0,  0, -1],
       [-1, -1,  0,  0, -1],
       [-1,  0, -1, -1, -1]])), (1, array([[ 0,  1, -1,  0,  0],
       [ 1,  0,  2,  1,  2],
       [ 0,  0,  0,  0, -1],
       [-1, -1,  0, -1, -1],
       [-1,  0, -1,  0, -1]])), (0, array([[ 0,  0,  1,  1,  0],
       [ 0, -1,  0, -1,  0],
       [-1,  0, -2, -1, -1],
       [ 1,  0,  1,  0,  2],
       [ 1,  1,  1,  2,  1]])), (0, array([[ 0,  1,  0,  1,  0],
       [ 1,  0,  1,  0,  1],
       [-2, -1, -2, -2, -3],
       [ 1,  0,  1,  0,  2],
       [ 0,  1, -1,  1,  0]])), (0, array([[ 1,  0,  2,  1,  2],
       [-1, -1, -1, -1, -2],
       [-1,  0, -2, -1, -1],
       [-1,  0, -1,  0, -2],
       [ 3,  1,  3,  2,  5]])), (0, array([[ 1,  0,  2,  1,  2],
       [ 0,  0, -1,  0,  0],
       [-2, -1, -2, -2, -3],
       [-1,  0, -1,  0, -2],
       [ 1,  1,  2,  1,  2]])), (0, array([[ 0,  0,  0,  0, -1],
       [ 0,  1,  0,  0,  0],
       [-1, -1,  0, -1, -1],
       [ 1,  0,  1,  1,  2],
       [-1,  0, -1,  0, -2]])), (0, array([[ 0, -1,  0, -1,  0],
       [-2,  0, -2, -1, -3],
       [ 0,  0, -1,  0,  0],
       [ 1,  1,  1,  1,  1],
       [ 1,  0,  1,  0,  2]])), (2, array([[ 0, -1,  1,  0,  0],
       [ 0,  0,  1,  1,  0],
       [ 0,  0,  1,  0,  0],
       [ 1,  0,  2,  1,  2],
       [ 1,  0,  2,  1,  1]])), (2, array([[ 0, -1,  1,  0,  0],
       [ 0,  0,  1,  0,  0],
       [ 2,  0,  2,  1,  3],
       [ 1,  0,  2,  1,  2],
       [ 1,  0,  2,  1,  1]])), (1, array([[-1, -1,  0, -1, -1],
       [ 1,  0,  1,  1,  2],
       [ 1,  1,  1,  1,  1],
       [-1,  0, -1,  0, -2],
       [-1,  0, -1, -1, -1]])), (1, array([[ 0, -1,  1,  0,  1],
       [ 1,  1,  1,  1,  1],
       [ 0,  1, -1,  0,  0],
       [-1,  0, -1,  0, -2],
       [-1, -1,  0, -1, -1]])), (1, array([[ 1,  0,  2,  1,  2],
       [ 0,  1, -1,  0,  0],
       [-1, -1, -1, -1, -1],
       [-1,  0, -1,  0, -2],
       [ 0,  0,  1,  0,  0]])), (0, array([[ 0,  0, -1,  0, -1],
       [ 1,  1,  0,  0,  2],
       [-1, -1,  1,  0,  0],
       [ 1,  0,  1,  0,  1],
       [ 0,  0,  0,  1, -1]])), (0, array([[ 1,  0,  0,  0,  1],
       [ 0,  0,  1,  0,  0],
       [-2, -1,  0,  0, -2],
       [ 0,  0,  0,  0, -1],
       [ 2,  1,  0,  1,  3]])), (0, array([[ 1,  0,  0,  0,  0],
       [ 0,  0,  1,  0,  1],
       [-1,  0, -1,  0,  0],
       [-1, -1,  1,  0, -1],
       [ 2,  1,  0,  1,  1]])), (0, array([[-1, -1,  0,  0, -2],
       [ 2,  1,  1,  1,  3],
       [ 0,  0,  0, -1,  0],
       [ 1,  1, -1,  0,  1],
       [-3, -2, -1, -1, -4]])), (0, array([[ 0,  0, -1,  0,  0],
       [ 1,  0,  2,  1,  1],
       [ 0,  0,  0, -1,  0],
       [ 0,  0,  0,  0, -1],
       [-2, -1, -2, -1, -2]])), (0, array([[ 1,  0,  0,  0,  1],
       [ 0,  0,  1,  0,  0],
       [-1,  0, -1,  0, -2],
       [-1, -1,  1,  0, -1],
       [ 0,  0, -2, -1,  0]])), (0, array([[-1,  0,  0,  0,  0],
       [ 0,  0, -1,  0,  0],
       [-1, -1,  0,  0, -2],
       [ 1,  0,  1,  0,  1],
       [-1,  0, -1, -1, -1]])), (0, array([[ 0,  1, -1,  0,  1],
       [-2, -1, -1, -1, -3],
       [ 0,  0,  1,  1,  0],
       [ 1,  0,  1,  0,  1],
       [ 1,  1, -1,  0,  1]])), (0, array([[ 0,  1, -1,  0,  1],
       [-2, -1, -1, -1, -3],
       [ 0,  0,  1,  0,  0],
       [ 1,  0,  1,  1,  1],
       [ 1,  1, -1,  0,  1]])), (2, array([[ 1,  0,  1,  0,  1],
       [ 0,  0, -1, -1, -1],
       [ 2,  1,  1,  1,  2],
       [ 1,  0,  0,  0,  0],
       [ 2,  1,  0,  0,  2]])), (2, array([[ 1,  1, -1,  0,  1],
       [ 0,  0, -1,  0,  0],
       [ 2,  1,  1,  1,  3],
       [ 1,  0,  0,  0,  1],
       [ 1,  1, -1,  0,  2]])), (1, array([[ 0, -1,  1,  0,  0],
       [ 1,  1, -1,  0,  1],
       [ 0,  0,  0,  0, -1],
       [-1,  0, -1, -1, -1],
       [-1, -1,  0,  0, -1]])), (0, array([[ 1,  0,  0,  0,  1],
       [ 0,  0,  1,  0,  0],
       [-2,  0, -2, -1, -2],
       [ 0, -1,  1,  0,  0],
       [ 0,  0, -1,  0, -1]])), (0, array([[ 0,  0, -1,  0,  0],
       [ 1,  0,  2,  1,  1],
       [ 0,  1,  0,  0,  1],
       [ 1,  0,  1,  0,  1],
       [-2,  0, -3, -1, -3]])), (0, array([[ 0, -1,  0,  0,  0],
       [-1,  1, -1,  0, -1],
       [ 2,  1,  2,  1,  3],
       [ 0,  1, -1,  0,  0],
       [ 0, -2,  1,  0, -1]])), (0, array([[ 0,  1, -1,  0,  1],
       [-1,  0, -1,  0, -2],
       [ 1,  1,  1,  1,  1],
       [ 0, -1,  1,  0,  0],
       [ 1,  0,  0,  0,  2]])), (2, array([[ 0, -1,  1,  0,  0],
       [ 0, -1,  0,  0,  0],
       [ 2,  0,  2,  1,  3],
       [ 1, -1,  1,  0,  1],
       [ 1, -1,  2,  1,  1]])), (2, array([[ 0,  1, -1,  0,  0],
       [ 0,  0, -1,  0,  0],
       [ 2,  1,  1,  1,  3],
       [ 1,  0,  0,  0,  1],
       [ 1,  1,  0,  1,  1]])), (1, array([[ 0,  0, -1,  0,  0],
       [ 1,  0,  1,  0,  1],
       [ 0, -1,  1,  0,  0],
       [-1,  0, -1, -1, -1],
       [-1,  0, -1,  0, -2]])), (1, array([[ 1,  0,  0,  0,  1],
       [ 0, -1,  1,  0,  0],
       [-1,  0,  0,  0, -2],
       [-1,  0, -1, -1, -1],
       [ 0,  0, -1,  0,  0]])), (2, array([[0, 0, 0, 0, 1],
       [1, 1, 0, 0, 2],
       [1, 0, 2, 1, 2],
       [1, 1, 1, 1, 2],
       [0, 0, 1, 0, 1]])), (2, array([[ 0,  0,  0,  0, -1],
       [ 1,  1,  0,  1,  1],
       [ 1,  0,  2,  1,  1],
       [ 1,  1,  1,  1,  1],
       [ 0,  0,  1,  1, -1]])), (0, array([[ 0,  1,  0,  1,  1],
       [ 1,  0,  1,  1,  1],
       [-1, -2,  0, -2, -2],
       [ 1,  0,  1,  0,  1],
       [-1,  1, -2,  0,  0]])), (0, array([[ 0,  0,  0,  1,  1],
       [-1,  0, -1, -1, -1],
       [ 0,  1,  0,  1,  0],
       [ 1,  0,  1,  0,  1],
       [ 0,  0, -1,  0,  0]])), (0, array([[ 0,  0,  0,  1,  0],
       [ 1,  1,  1,  1,  1],
       [ 1,  1,  0,  1,  2],
       [-1, -1, -1, -2, -2],
       [-1,  0, -1,  0, -1]])), (0, array([[ 0,  0,  0,  1,  0],
       [ 1,  1,  0,  1,  2],
       [ 1,  0,  2,  1,  2],
       [-1, -1, -1, -2, -2],
       [ 0,  0,  0,  0, -1]])), (2, array([[ 0,  0,  0,  0,  1],
       [-1,  0, -1, -1, -1],
       [ 0,  0, -1, -1,  0],
       [ 0,  0,  0, -1,  0],
       [-1, -1, -1, -2, -1]])), (2, array([[-1, -1, -1, -2, -2],
       [-1,  0, -1, -1, -1],
       [ 0, -1,  1, -1,  0],
       [ 0,  0,  0, -1,  0],
       [-1, -1, -1, -2, -1]])), (2, array([[ 0,  0,  0,  0, -1],
       [ 0,  0, -1, -1, -1],
       [ 0, -1,  1, -1, -1],
       [ 0,  0,  0, -1, -1],
       [ 1,  0,  1,  0,  0]])), (2, array([[ 0,  0,  0,  0,  1],
       [ 1,  1,  1,  1,  2],
       [-1,  0, -1, -1, -1],
       [ 0,  0,  0, -1,  0],
       [ 0,  1, -1,  0,  1]])), (2, array([[-1, -1, -1, -1, -2],
       [-1, -1, -1, -1, -1],
       [-1, -2,  0, -2, -2],
       [-1, -1, -1, -2, -2],
       [-2, -2, -1, -2, -3]])), (0, array([[-1, -1,  0,  0, -1],
       [ 1,  0,  1,  0,  1],
       [ 1,  2, -1,  1,  2],
       [ 0, -1,  0, -1, -1],
       [-2, -1, -1, -1, -2]])), (0, array([[ 0, -1,  1,  0, -1],
       [ 1,  2,  0,  1,  2],
       [-1,  0, -2, -1, -1],
       [ 0,  1,  0,  1,  1],
       [-1, -3,  1, -2, -3]])), (0, array([[ 1,  0,  1,  1,  1],
       [-1, -1,  0, -1, -1],
       [-1,  0, -2, -1, -1],
       [-1, -1,  0, -1, -2],
       [ 2,  2,  1,  3,  3]])), (0, array([[ 0, -1,  1,  0, -1],
       [-1,  0, -1, -1, -1],
       [ 1,  2, -1,  1,  2],
       [ 0,  1,  0,  1,  1],
       [ 0, -2,  1,  0, -1]])), (0, array([[ 0, -1,  1,  0, -1],
       [ 1,  2,  0,  1,  2],
       [-1,  0, -2, -1, -1],
       [ 0,  1,  0,  1,  1],
       [ 0, -2,  1,  0, -1]])), (2, array([[ 1,  1,  1,  1,  1],
       [ 0,  0,  1,  1,  0],
       [ 1,  0,  1,  1,  1],
       [ 0, -1,  1,  0, -1],
       [ 1,  0,  2,  1,  1]])), (2, array([[ 0,  1, -1,  0,  0],
       [ 1,  1,  0,  1,  1],
       [ 0,  0,  0, -1, -1],
       [ 0,  0,  0,  0, -1],
       [ 1,  2,  0,  1,  1]])), (2, array([[ 0,  1, -1,  0,  0],
       [-1, -1, -1, -1, -2],
       [ 0,  1,  0,  1,  0],
       [ 0,  0,  0,  0, -1],
       [ 0,  1, -1,  1,  0]])), (2, array([[ 0,  1, -1,  0,  0],
       [-1, -1, -1, -1, -2],
       [ 1,  1,  0,  1,  1],
       [ 0,  0,  0,  0, -1],
       [ 0,  1, -1,  1,  0]])), (1, array([[ 0, -1,  1,  0, -1],
       [ 0,  1, -1,  0,  0],
       [-1, -1, -1, -1, -1],
       [ 0,  1,  0,  1,  1],
       [ 1,  0,  1,  1,  1]])), (0, array([[-1,  0,  0,  0, -2],
       [ 0,  0,  0,  0,  1],
       [ 2,  0,  1,  1,  3],
       [-1, -1, -1, -1, -1],
       [ 0,  1,  0,  1, -1]])), (0, array([[ 0,  0,  0,  0, -1],
       [ 1,  0,  0,  0,  2],
       [-1,  0,  0, -1, -1],
       [ 1,  0,  1,  1,  2],
       [-2, -1, -1, -1, -4]])), (0, array([[ 2,  1,  1,  1,  3],
       [ 0, -1,  0,  0,  0],
       [ 0,  0, -1,  0,  0],
       [-1,  0,  0,  0, -1],
       [ 1,  1,  1,  1,  1]])), (0, array([[ 0,  0,  0,  0,  1],
       [ 2,  1,  1,  2,  3],
       [ 1,  0,  1,  0,  1],
       [-1,  0, -1, -1, -2],
       [-1,  0,  0,  0, -1]])), (0, array([[ 1,  1,  1,  1,  2],
       [ 1,  0,  0,  1,  2],
       [ 0, -1,  0, -1,  0],
       [-1,  0, -1, -1, -2],
       [ 1,  1,  1,  1,  1]])), (2, array([[-1,  0,  0,  0, -1],
       [ 0,  1,  0,  1,  0],
       [-1,  0,  0, -1, -2],
       [-1,  0,  0,  0, -2],
       [-2,  0, -1, -1, -3]])), (2, array([[-1,  0,  0,  0, -1],
       [-2, -1, -1, -1, -3],
       [-1,  0,  0, -1, -2],
       [-1,  0,  0,  0, -2],
       [-2,  0, -1, -1, -3]])), (2, array([[ 1,  0,  0,  0,  1],
       [-1, -1, -1, -1, -2],
       [ 0,  0,  0, -1, -1],
       [ 0,  0,  0,  0, -1],
       [ 0,  0, -1, -1, -1]])), (2, array([[ 1,  0,  0,  0,  1],
       [-1, -1, -1, -1, -2],
       [ 1,  0,  1,  1,  1],
       [ 0,  0,  0,  0, -1],
       [ 1,  0,  0,  1,  1]])), (2, array([[ 1,  0,  0,  0,  1],
       [ 1,  0,  1,  1,  1],
       [ 1,  1,  0,  1,  1],
       [ 0,  0,  0,  0, -1],
       [ 1,  0,  0,  1,  1]])), (0, array([[ 1,  1,  1,  1,  2],
       [-1,  0, -2, -1, -2],
       [ 0, -1,  0,  0,  0],
       [-1, -1, -1, -2, -2],
       [ 1,  1,  3,  2,  3]])), (0, array([[ 0, -1,  0, -1,  0],
       [-1,  0, -1, -1, -2],
       [ 0,  1,  1,  2,  1],
       [ 0,  0,  1,  0,  0],
       [ 1, -1,  0,  0,  1]])), (2, array([[ 0, -1,  1,  0,  0],
       [ 1,  0,  2,  1,  2],
       [ 0, -1,  0, -1,  0],
       [ 0, -1,  1, -1,  0],
       [ 0, -1,  2,  0,  1]])), (2, array([[ 0, -1,  1,  0,  0],
       [ 0, -1,  0, -1, -1],
       [-1, -1,  1, -1, -1],
       [ 0, -1,  1, -1,  0],
       [ 0, -1,  2,  0,  0]])), (1, array([[ 0, -1,  0, -1, -1],
       [ 0,  0,  1,  0,  1],
       [ 1,  1,  1,  2,  2],
       [ 0,  0, -1,  0,  0],
       [ 0,  0, -1, -1, -1]])), (0, array([[ 0,  0,  0,  1,  0],
       [-1, -1, -1, -2, -3],
       [ 1,  0,  1,  0,  1],
       [ 0,  0,  0,  0,  1],
       [ 0,  1, -1,  1,  0]])), (0, array([[ 1,  1,  1,  2,  2],
       [-1,  0, -2, -1, -3],
       [ 0, -1,  0, -1, -1],
       [ 0,  0,  0,  0,  1],
       [ 1,  1,  1,  1,  2]])), (2, array([[ 0,  0,  0,  0,  1],
       [-1, -1, -1, -1, -2],
       [ 0,  0,  1,  1,  1],
       [ 0, -1,  1,  0,  0],
       [ 0,  0,  0,  1,  1]])), (1, array([[-1,  0, -1,  0, -1],
       [ 0,  0, -1, -1, -1],
       [ 0, -1,  1, -1,  0],
       [ 0,  0,  1,  1,  0],
       [ 0,  1,  0,  1,  1]])), (1, array([[-1, -1,  0, -1, -1],
       [ 0,  0, -1, -1, -1],
       [ 0,  1, -1,  1,  0],
       [ 0,  0,  1,  1,  0],
       [ 0,  0,  1,  0,  1]])), (0, array([[-1,  0, -1,  0, -1],
       [ 1,  0,  1,  0,  2],
       [ 1,  1,  0,  1,  0],
       [ 0, -1,  0, -1,  0],
       [-2,  0, -2, -1, -3]])), (0, array([[ 0, -1,  1,  0,  0],
       [ 0,  1, -1,  0, -1],
       [-1,  0, -2, -1, -1],
       [ 0,  1,  0,  1,  0],
       [ 0, -2,  2, -1,  1]])), (0, array([[ 0, -1,  1,  0,  1],
       [ 1,  1,  1,  1,  1],
       [-1,  0, -2, -1, -3],
       [ 1,  1,  0,  1,  1],
       [-1, -1,  0,  0,  0]])), (0, array([[ 0,  0,  1,  1,  0],
       [ 0,  1, -1,  0,  0],
       [ 0, -1,  0, -2,  0],
       [ 0,  0,  0,  0,  1],
       [-1, -1,  0,  0, -2]])), (0, array([[ 0,  1, -1,  0,  0],
       [-1,  0, -1,  0, -2],
       [-1, -1, -1, -2, -2],
       [ 1,  0,  2,  1,  2],
       [ 0,  0,  0,  0,  1]])), (2, array([[ 1,  0,  2,  1,  2],
       [ 0,  0,  1,  1,  1],
       [ 1,  0,  1,  1,  2],
       [ 0, -1,  1,  0,  1],
       [ 1,  0,  2,  1,  3]])), (2, array([[ 0,  0,  0,  0, -1],
       [ 0,  0,  1,  1,  0],
       [ 1,  0,  1,  1,  1],
       [ 0, -1,  1,  0,  0],
       [ 1,  0,  2,  1,  1]])), (2, array([[ 1,  0,  2,  1,  2],
       [ 1,  0,  1,  1,  1],
       [ 0, -1,  1, -1,  0],
       [ 0, -1,  1,  0,  0],
       [ 1,  0,  2,  1,  1]])), (2, array([[ 1,  0,  2,  1,  2],
       [ 1,  0,  1,  1,  2],
       [ 0, -1,  1, -1,  1],
       [ 0, -1,  1,  0,  1],
       [ 1,  0,  2,  1,  3]])), (2, array([[ 0,  0,  0,  0,  1],
       [ 0,  0,  1,  1,  1],
       [ 0, -1,  1, -1,  1],
       [ 0, -1,  1,  0,  1],
       [-1, -1,  0, -1,  0]])), (2, array([[ 0,  0,  0,  0, -1],
       [-1, -1, -1, -1, -2],
       [ 1,  0,  1,  1,  1],
       [ 0, -1,  1,  0,  0],
       [ 0,  0,  0,  1, -1]])), (1, array([[ 0,  0,  1,  1,  0],
       [ 0, -1,  0, -1,  0],
       [ 0,  0,  0,  0,  1],
       [ 1,  1,  0,  1,  1],
       [-1,  0, -1,  0, -2]])), (1, array([[ 0,  1,  0,  1,  0],
       [ 0,  0, -1, -1,  0],
       [ 0, -1,  1, -1,  0],
       [-1, -1, -1, -1, -2],
       [ 0,  1,  0,  1,  1]])), (1, array([[ 0,  1, -1,  0,  0],
       [ 0, -1,  1, -1,  0],
       [-1, -1, -1, -1, -2],
       [ 1,  0,  1,  1,  1],
       [ 0,  1,  0,  1,  0]])), (1, array([[ 0,  0,  0, -1,  0],
       [-1, -1, -1, -1, -2],
       [ 0,  1, -1,  1,  0],
       [ 1,  0,  1,  1,  1],
       [ 0,  0,  1,  0,  0]])), (0, array([[ 1,  1,  1,  2,  2],
       [-1,  0,  0, -1, -1],
       [ 0, -1, -1, -2, -1],
       [-1, -1,  0, -1, -2],
       [ 2,  1,  1,  3,  4]])), (0, array([[-1, -1, -1, -1, -3],
       [ 1,  0,  0,  0,  2],
       [ 0,  1,  1,  0,  1],
       [ 1,  0,  1,  1,  2],
       [-2, -1, -1, -1, -4]])), (2, array([[-1,  0, -1, -1, -2],
       [ 0,  1,  0,  1,  0],
       [-1,  0,  0, -1, -2],
       [-1,  0,  0,  0, -2],
       [-1,  1,  0,  0, -1]])), (2, array([[ 0,  1,  1,  1,  1],
       [ 0,  1,  0,  1,  0],
       [-1,  0,  0, -1, -2],
       [-1,  0,  0,  0, -2],
       [-1,  1,  0,  0, -1]])), (2, array([[ 0, -1, -1, -1, -1],
       [ 0, -1,  0,  0, -1],
       [ 0,  0, -1,  0, -1],
       [-1, -1, -1, -1, -3],
       [ 0, -1, -1,  0, -1]])), (0, array([[-1,  1, -1,  0, -1],
       [ 1,  0,  1,  1,  2],
       [ 0, -2,  1, -1, -1],
       [ 0, -1,  0, -1,  0],
       [-1,  1, -2,  0, -2]])), (0, array([[ 0,  1,  0,  0,  1],
       [-1, -1,  0, -1, -2],
       [ 0, -1, -1,  0, -1],
       [ 0, -1,  0, -1, -1],
       [ 1,  3,  0,  2,  3]])), (2, array([[ 0, -1,  0, -1,  0],
       [-1,  0, -1, -1, -1],
       [-1, -2,  0, -2, -2],
       [-1, -1, -1, -2, -2],
       [-1, -2, -1, -2, -2]])), (2, array([[-1, -1, -1, -1, -2],
       [ 0, -1, -1, -1, -1],
       [-1,  0, -1, -1, -2],
       [-1, -1, -1, -2, -2],
       [-1,  0, -2, -1, -2]])), (2, array([[-1, -1, -1, -1, -2],
       [ 0, -1, -1, -1, -1],
       [-1, -2,  0, -2, -2],
       [-1, -1, -1, -2, -2],
       [-1, -2, -1, -2, -3]])), (1, array([[-1,  0, -1, -1, -2],
       [ 0, -1,  0, -1,  0],
       [ 1,  1,  1,  1,  2],
       [ 1,  0,  0,  1,  1],
       [-1, -1,  0, -1, -2]])), (1, array([[-1,  1, -1,  0, -1],
       [ 0, -1,  0, -1, -1],
       [ 0, -1,  0, -1,  0],
       [ 1,  1,  1,  1,  2],
       [ 0,  1, -1,  1,  0]])), (1, array([[ 0, -1, -1, -1, -1],
       [-1,  0,  0, -1, -1],
       [ 1,  1,  1,  1,  2],
       [ 0,  1,  0,  1,  0],
       [ 0,  0, -1,  0,  0]])), (2, array([[ 0,  1, -1,  0,  0],
       [ 0,  1,  0,  1,  1],
       [-1,  0,  0, -1, -1],
       [-1,  0,  0,  0, -1],
       [ 0,  2,  0,  1,  1]])), (0, array([[ 0, -1,  0,  0, -1],
       [-1,  0,  0, -1, -1],
       [ 0,  1,  0,  1,  2],
       [-1,  0, -1, -1, -2],
       [ 2,  0,  1,  2,  2]])), (2, array([[-1,  0,  0,  0,  0],
       [-1,  0, -1,  0, -1],
       [-2, -1, -1, -2, -3],
       [-2, -1, -1, -1, -3],
       [-2,  0, -1, -1, -2]])), (2, array([[-1, -1, -1, -1, -2],
       [-1, -1, -1, -1, -3],
       [-1, -1,  0,  0, -1],
       [-2, -1, -1, -1, -3],
       [-1, -1, -1,  0, -2]])), (2, array([[ 1,  0,  0,  0,  0],
       [ 0, -1,  0,  0, -1],
       [ 0,  0, -1,  0, -1],
       [-1, -1, -1, -1, -3],
       [ 1,  0,  0,  1,  0]])), (2, array([[-1,  0,  0,  0,  0],
       [-1, -1,  0,  0, -1],
       [-1,  0, -1,  0, -1],
       [-2, -1, -1, -1, -3],
       [-1,  0,  0,  1,  0]])), (0, array([[ 0, -1,  1,  0,  0],
       [-1,  0, -1, -1, -1],
       [ 0,  2, -1,  1,  0],
       [-1, -1, -1, -1, -2],
       [ 1, -1,  2,  0,  1]])), (0, array([[-2, -1, -1, -1, -3],
       [ 1,  0,  1,  0,  1],
       [ 2,  0,  1,  1,  3],
       [ 1,  1,  0,  1,  1],
       [-2,  0, -1,  0, -2]])), (0, array([[ 1,  0,  0,  0,  1],
       [-1, -1,  0, -1, -2],
       [ 0,  1,  1,  2,  2],
       [-1, -1, -1, -1, -2],
       [ 1,  1,  0,  1,  1]])), (0, array([[ 1,  1,  0,  1,  2],
       [-1, -1, -1, -2, -3],
       [ 0,  0,  1,  0,  1],
       [ 0, -1,  0, -1, -1],
       [ 1,  2,  1,  3,  3]])), (2, array([[ 1,  1,  1,  1,  2],
       [ 1,  1,  0,  1,  1],
       [ 1,  0,  0, -1,  1],
       [ 1,  0,  0,  0,  1],
       [ 2,  2,  0,  1,  3]])), (0, array([[-1, -1,  0,  0, -2],
       [ 1,  2,  0,  1,  2],
       [ 1,  0,  0,  0,  1],
       [ 0,  1, -1,  0,  1],
       [-2, -3,  0, -2, -4]])), (0, array([[ 1,  0,  1,  1,  1],
       [-1, -1,  0, -1, -2],
       [ 0,  1, -1, -1,  1],
       [-1, -1,  0, -1, -1],
       [ 2,  2,  1,  3,  3]])), (2, array([[ 0,  1, -1,  0,  1],
       [-1,  0, -1,  0, -1],
       [ 0,  0, -1,  0,  0],
       [-1, -1, -1, -1, -1],
       [-1,  0, -2, -1, -1]])), (2, array([[ 0,  1, -1,  0,  1],
       [ 1,  1,  0,  1,  2],
       [ 0,  0,  0, -1,  1],
       [ 0,  0,  0,  0,  1],
       [ 1,  2,  0,  1,  3]])), (1, array([[ 0,  1, -1,  1,  0],
       [-1, -1,  0, -1, -1],
       [ 0, -1,  0, -1,  0],
       [ 1,  1,  1,  1,  2],
       [ 0,  0,  0,  1, -1]])), (0, array([[ 0,  0,  1,  1,  0],
       [-1,  0, -1, -1, -2],
       [ 2,  1,  0,  1,  3],
       [-1,  0, -1, -1, -1],
       [ 1,  0,  2,  1,  2]])), (0, array([[ 0,  1,  0,  1,  0],
       [-1, -1,  0, -1, -2],
       [ 1,  0,  0, -1,  2],
       [-1, -1,  0, -1, -1],
       [ 2,  2,  1,  3,  3]])), (0, array([[ 0,  0,  0,  0,  1],
       [-1, -1,  0, -1, -2],
       [ 0,  1,  0,  1, -1],
       [-1, -1, -1, -1, -2],
       [ 2,  1,  1,  2,  4]])), (0, array([[-1, -1, -1, -1, -1],
       [ 2,  1,  1,  1,  3],
       [-1,  0,  0, -1, -2],
       [ 1,  1,  1,  1,  2],
       [-2, -1, -2, -1, -3]])), (0, array([[ 1,  1,  1,  1,  1],
       [-1, -1,  0,  0, -2],
       [-2, -1, -1, -2, -3],
       [ 1,  0,  0,  0,  2],
       [ 1,  1,  1,  1,  2]])), (2, array([[1, 0, 0, 0, 2],
       [1, 0, 1, 1, 2],
       [1, 1, 0, 1, 2],
       [0, 0, 0, 0, 1],
       [2, 1, 1, 1, 4]])), (2, array([[-1, -1, -1, -1, -2],
       [-2, -1, -1, -1, -3],
       [ 0,  0, -1,  0,  0],
       [-1, -1, -1, -1, -1],
       [-2, -1, -2, -2, -3]])), (2, array([[ 1,  0,  0,  0,  2],
       [ 1,  1,  0,  1,  2],
       [ 0,  0,  0, -1,  1],
       [ 0,  0,  0,  0,  1],
       [ 2,  1,  1,  1,  4]])), (2, array([[ 1,  1,  1,  1,  2],
       [ 1,  1,  0,  1,  2],
       [ 0,  0,  0, -1,  1],
       [ 0,  0,  0,  0,  1],
       [ 2,  1,  1,  1,  4]])), (2, array([[-1, -1, -1, -1, -2],
       [-2, -1, -1, -1, -3],
       [-1, -1, -1, -2, -1],
       [-1, -1, -1, -1, -1],
       [-2, -1, -2, -2, -3]])), (2, array([[-1,  0,  0,  0, -2],
       [-1,  0, -1,  0, -2],
       [-2, -1, -1, -2, -3],
       [-2, -1, -1, -1, -3],
       [-2,  0, -1, -1, -3]])), (2, array([[-1, -1, -1, -1, -2],
       [-2, -1, -1, -1, -3],
       [ 0, -1,  0,  0,  0],
       [-1, -1, -1, -1, -1],
       [-1, -1, -1,  0, -2]])), (2, array([[ 1,  0,  0,  0,  1],
       [ 0, -1,  0,  0,  0],
       [ 1,  0,  1,  1,  2],
       [ 0, -1,  1,  0,  0],
       [ 1,  0,  0,  1,  1]])), (1, array([[ 0, -1,  1,  0,  0],
       [-1,  0,  0,  0, -1],
       [ 0,  1, -1,  0, -1],
       [ 0,  0, -1,  0,  0],
       [ 1,  0,  1,  1,  2]])), (0, array([[ 1,  0,  1,  1,  1],
       [ 0, -1,  0, -1,  0],
       [-1,  1, -1, -1, -1],
       [-1, -1,  0, -1, -2],
       [ 1,  1,  0,  2,  1]])), (2, array([[ 0,  0,  0,  0, -1],
       [ 0, -1,  1,  0, -1],
       [ 0,  1,  0,  1,  0],
       [-1,  0,  0,  0, -2],
       [ 0,  0,  1,  0, -1]])), (2, array([[-1, -1, -1, -2, -2],
       [ 0,  0, -1, -1, -1],
       [ 0,  0,  0, -1,  1],
       [ 0,  0,  0, -1,  0],
       [-1,  0, -2, -2, -2]])), (2, array([[-1,  0,  0,  0, -1],
       [-2, -1, -1, -1, -3],
       [-1,  0,  0, -1,  0],
       [-1,  0,  0,  0,  0],
       [-2,  0, -1, -1, -2]])), (0, array([[ 0,  1,  0,  0,  1],
       [ 0, -1,  0, -1,  0],
       [-1, -1, -1,  0, -3],
       [ 0, -1,  0, -1, -1],
       [ 0,  1,  1,  1,  1]])), (0, array([[ 0, -1,  0,  0, -1],
       [-1,  0,  0, -1, -1],
       [ 1,  1,  0,  0,  3],
       [-1,  0, -1, -1, -2],
       [ 2,  0,  1,  2,  2]])), (0, array([[ 1,  1,  0,  1,  1],
       [-1, -1,  0,  0, -2],
       [-1,  0,  0, -1,  0],
       [-1, -1,  0, -1, -2],
       [ 3,  2,  1,  2,  5]])), (0, array([[ 0,  0,  0, -1,  0],
       [-1, -1,  0,  0, -2],
       [ 0,  0, -1,  0,  0],
       [ 0,  0,  0,  1, -1],
       [ 2,  1,  1,  0,  4]])), (0, array([[ 0,  0, -1,  0, -1],
       [ 0,  0,  1,  1,  0],
       [ 1,  0,  1,  0,  3],
       [-1, -1,  0, -1, -2],
       [ 1,  1, -1,  0,  1]])), (0, array([[ 1,  1,  1,  2,  2],
       [ 0,  0,  0,  0, -1],
       [-2, -1, -1, -1, -4],
       [ 0,  0,  0, -1,  1],
       [ 1,  0,  1,  1,  2]])), (2, array([[ 0,  0,  0, -1,  1],
       [ 1,  1,  0,  0,  2],
       [-1,  0,  0, -1, -1],
       [ 0,  0,  0, -1,  0],
       [ 1,  1,  1,  0,  3]])), (2, array([[ 0,  0,  0, -1,  1],
       [ 0,  0, -1, -1,  0],
       [-2, -1, -1, -2, -3],
       [-1, -1, -1, -2, -2],
       [-1,  0, -1, -2, -1]])), (2, array([[ 0,  0,  0, -1,  1],
       [ 0, -1,  0, -1,  0],
       [ 0,  0, -1, -1,  0],
       [-1, -1, -1, -2, -2],
       [ 1,  0,  0, -1,  2]])), (1, array([[ 1,  0,  0,  0,  2],
       [-1, -1,  0, -1, -2],
       [-1,  0, -1, -1, -2],
       [ 1,  1,  1,  1,  2],
       [ 1,  0,  0,  1,  1]])), (1, array([[ 0,  0,  0, -1,  0],
       [-1, -1, -1, -1, -2],
       [ 0,  0,  0,  1, -1],
       [ 1,  0,  1,  1,  2],
       [ 1,  1,  0,  0,  2]])), (0, array([[ 0,  0,  0,  0,  1],
       [-1,  0,  0,  0, -2],
       [ 1,  1,  0,  1,  1],
       [-1, -1, -1, -1, -3],
       [ 1,  0,  0, -1,  3]])), (2, array([[ 1,  1,  1,  1,  3],
       [ 1,  1,  0,  1,  2],
       [ 1,  0,  0, -1,  2],
       [ 1,  0,  0,  0,  2],
       [ 1,  1,  0,  0,  3]])), (1, array([[ 0, -1,  1,  0,  1],
       [-1,  1, -1,  0, -1],
       [ 0,  0,  0,  0, -1],
       [ 0,  0, -1,  0, -1],
       [ 0, -1,  1, -1,  1]])), (1, array([[ 0,  1, -1,  1,  0],
       [-1, -1,  0, -1, -1],
       [ 0,  0,  1,  0,  1],
       [ 0,  0,  0,  0, -1],
       [ 1,  0,  0,  1,  1]])), (0, array([[ 1,  0,  0,  0,  1],
       [-1,  1, -1,  0, -1],
       [ 0,  0,  1,  1,  0],
       [-1,  0,  0, -1, -1],
       [ 2, -1,  1,  0,  3]])), (2, array([[ 0, -1,  1,  0,  0],
       [ 1, -1,  1,  0,  1],
       [ 0,  0,  1,  0,  0],
       [ 0, -1,  1, -1,  0],
       [ 1, -1,  2,  0,  2]])), (1, array([[ 1,  0,  1,  1,  1],
       [ 0, -1,  0, -1,  0],
       [-1,  0,  0, -1, -1],
       [ 0,  1, -1,  0,  0],
       [ 0,  0,  0,  1, -1]])), (1, array([[-1, -1,  0, -1, -2],
       [ 1,  0,  1,  0,  2],
       [ 1,  0,  0,  1,  1],
       [ 0,  1,  0,  1,  0],
       [-1,  0, -1, -1, -2]])), (1, array([[ 0, -1,  1, -1,  0],
       [ 0,  1, -1,  0,  0],
       [ 1,  0,  0,  1,  1],
       [ 0,  1,  0,  1,  0],
       [-1, -1,  0, -1, -2]])), (2, array([[-1,  0, -1, -1, -2],
       [-1,  0, -1, -1, -1],
       [-1,  0, -1,  0, -2],
       [-1,  0,  0,  0, -1],
       [-1,  1, -1,  0, -1]])), (2, array([[ 0, -1,  1,  0,  0],
       [-1,  0,  0,  0, -1],
       [-1, -1, -1, -1, -2],
       [-1,  0, -1,  0, -1],
       [-1, -1,  0,  0, -2]])), (1, array([[-1,  1, -1,  0, -1],
       [ 0,  0, -1,  0,  0],
       [ 0, -1,  1,  0,  0],
       [ 1,  0,  1,  0,  2],
       [-1,  0, -1, -1, -2]])), (0, array([[ 1,  0,  1,  1,  2],
       [-2,  0, -1, -1, -3],
       [ 0,  0, -1,  0, -1],
       [ 0,  1,  0,  0,  0],
       [ 2,  0,  1,  1,  4]])), (0, array([[ 0,  0,  0,  0,  1],
       [-1,  0, -1, -1, -2],
       [ 1,  1,  1,  1,  1],
       [-1,  0, -1,  0, -2],
       [ 2,  0,  1,  1,  4]])), (2, array([[-1,  0, -1, -1, -1],
       [-1,  0, -1,  0, -1],
       [-1, -1,  0, -1, -1],
       [ 0,  0,  0,  0,  1],
       [-1, -1, -1, -1, -1]])), (1, array([[ 1,  0,  0,  0,  2],
       [ 1,  0,  1,  1,  1],
       [-1,  0,  0,  0, -1],
       [ 0,  1,  0,  0,  0],
       [ 0,  0, -1,  0,  0]])), (0, array([[ 2,  1,  1,  0,  3],
       [-1,  0,  0,  0, -1],
       [-2, -1, -1,  1, -4],
       [-1,  0, -1,  0, -1],
       [ 3,  1,  2,  0,  5]])), (0, array([[ 2,  1,  1,  0,  3],
       [-1,  0,  0,  0, -1],
       [-2, -1, -2,  0, -3],
       [-1,  0,  0,  1, -2],
       [ 3,  1,  2,  0,  5]])), (0, array([[-1,  0, -1,  1, -2],
       [ 2,  1,  2,  0,  4],
       [ 0,  0,  0, -1,  0],
       [ 1,  0,  1,  0,  1],
       [-2, -1, -3,  0, -4]])), (0, array([[ 0,  0,  0,  0, -1],
       [ 1,  0,  1,  0,  2],
       [-2, -1, -2,  0, -3],
       [ 1,  1,  1,  1,  2],
       [ 0,  0, -1, -1, -1]])), (0, array([[-1, -1, -1, -1, -1],
       [-1,  0, -1,  0, -2],
       [-1, -1, -1,  0, -3],
       [ 1,  1,  1,  1,  2],
       [ 1,  0,  0, -1,  2]])), (0, array([[ 1,  0,  1, -1,  2],
       [ 1,  1,  0,  0,  2],
       [ 1,  0,  0,  0,  1],
       [-1,  0,  0,  1, -2],
       [-1, -1, -1, -1, -2]])), (2, array([[-1,  0,  0,  1, -2],
       [-1,  0, -1,  1, -2],
       [-1,  0, -1,  0, -2],
       [ 0,  1,  0,  1,  0],
       [-2,  0, -1,  1, -3]])), (2, array([[ 1,  1,  1,  0,  2],
       [-1,  0, -1,  0, -2],
       [ 0,  1,  1,  1,  1],
       [ 0,  1,  0,  1,  0],
       [ 0,  1,  0,  0,  1]])), (2, array([[-1,  0, -1,  0, -1],
       [-1,  0, -1,  1, -2],
       [-1,  0, -1,  0, -2],
       [ 0,  1,  0,  1,  0],
       [-2,  0, -1,  1, -3]])), (2, array([[ 1,  1,  1,  0,  2],
       [ 0,  0,  0,  0, -1],
       [ 1,  1,  2,  1,  2],
       [ 1,  1,  1,  1,  1],
       [ 2,  1,  2,  0,  3]])), (2, array([[-1,  0, -1,  0, -1],
       [-1,  0, -1,  0, -2],
       [ 0,  1,  1,  1,  1],
       [ 0,  1,  0,  1,  0],
       [ 0,  1,  0,  0,  1]])), (0, array([[ 0,  1, -1,  1,  0],
       [-1, -1,  0, -1, -1],
       [ 1, -1,  2, -1,  2],
       [ 0,  0,  1,  0,  0],
       [ 0,  1, -1,  2, -1]])), (0, array([[ 0,  0,  0, -1,  0],
       [ 0,  1,  0,  2,  0],
       [ 1,  0,  0,  0,  1],
       [-1,  0, -1,  1, -1],
       [ 0, -1,  1, -3,  1]])), (2, array([[ 0,  1,  0,  1,  0],
       [-1,  0, -1,  0, -1],
       [ 0,  0,  0,  0, -1],
       [ 0,  0,  0, -1,  0],
       [-1,  0,  0,  0, -1]])), (2, array([[ 0,  1,  0,  1,  0],
       [-1,  0, -1,  0, -1],
       [ 0,  0,  0,  0, -1],
       [ 0,  0,  0, -1,  0],
       [ 0,  1, -1,  1, -1]])), (0, array([[ 0,  0,  0,  1, -1],
       [ 0,  1,  0,  0,  2],
       [ 0, -1,  1, -1,  0],
       [ 0,  1,  0,  0,  1],
       [ 1, -1,  0,  0, -1]])), (2, array([[ 0,  0, -1,  0, -1],
       [ 0,  0,  0,  1, -1],
       [-1,  1, -1,  1, -1],
       [ 0,  1,  0,  1,  0],
       [ 0,  1, -1,  1,  0]])), (0, array([[ 0,  0, -1,  0, -1],
       [ 0,  0,  0,  1,  0],
       [ 1,  1,  2,  0,  3],
       [ 0, -1,  0, -1,  0],
       [ 0,  1, -1,  0,  0]])), (2, array([[-1,  0,  0,  0,  0],
       [ 0,  0,  0,  0,  1],
       [ 0, -1,  1, -2,  1],
       [ 0, -1,  1, -1,  1],
       [ 0,  0,  1, -1,  2]])), (0, array([[ 1,  0,  1,  0,  1],
       [-2, -1, -1,  0, -3],
       [ 1,  1,  0, -1,  2],
       [-1,  0,  0,  0,  0],
       [ 2,  0,  1,  0,  2]])), (0, array([[-1, -1, -1,  0, -3],
       [ 2,  1,  1, -1,  3],
       [ 0,  1,  0,  0,  1],
       [ 0,  0,  0,  1,  0],
       [-1, -1,  0,  0, -2]])), (2, array([[ 1,  1,  0,  0,  2],
       [ 2,  1,  1,  0,  3],
       [ 1,  1,  1, -1,  3],
       [ 1,  1,  1,  0,  3],
       [ 2,  1,  1, -1,  4]])), (2, array([[-1,  0, -1,  0, -1],
       [-2, -1, -1,  0, -3],
       [-1,  0,  0, -1,  0],
       [-1,  0,  0,  0,  0],
       [-2,  0, -1,  0, -2]])), (0, array([[ 0,  1,  1,  1,  1],
       [ 1,  0,  0, -1,  2],
       [-1, -1, -2,  0, -3],
       [ 1,  0,  0,  0,  1],
       [-1,  0,  1,  1, -1]])), (2, array([[1, 1, 1, 0, 3],
       [1, 1, 1, 1, 2],
       [0, 1, 1, 0, 1],
       [0, 1, 1, 1, 1],
       [1, 1, 2, 0, 3]])), (2, array([[ 0,  1,  0,  0,  1],
       [-1,  0,  0,  1, -1],
       [ 0,  1,  1,  0,  1],
       [ 0,  1,  1,  1,  1],
       [ 0,  1,  1,  0,  2]])), (2, array([[ 1,  0,  0, -1,  1],
       [ 1,  0,  0,  0,  1],
       [ 1,  0,  1, -1,  2],
       [ 1,  1,  0,  0,  2],
       [ 1,  0,  0, -1,  2]])), (1, array([[-1,  0, -1,  0, -2],
       [ 1, -1,  1,  0,  1],
       [ 0,  0,  1,  0,  0],
       [ 0,  0,  0, -1,  1],
       [ 0,  1, -1,  0,  0]])), (2, array([[ 0, -1, -1,  0, -1],
       [ 1,  0,  0,  0,  1],
       [ 0, -1,  0,  1, -1],
       [ 0, -1,  0,  0, -1],
       [ 1, -1,  0,  0,  1]])), (2, array([[ 1,  0,  0,  0,  1],
       [-1, -1,  0, -1, -1],
       [ 1,  1,  1,  1,  2],
       [ 0,  0,  1,  0,  0],
       [ 0, -1,  1,  0,  0]])), (2, array([[-1,  0,  0,  0, -1],
       [ 0,  1,  1,  1,  1],
       [-1, -1,  1,  0, -2],
       [-1,  0,  1,  0, -1],
       [-2, -1,  1,  0, -2]])), (1, array([[ 1,  2,  0,  1,  2],
       [-1, -1,  0, -1, -2],
       [-1, -1,  1,  0, -1],
       [ 1,  0,  0,  0,  1],
       [ 0,  1, -1,  0,  1]])), (1, array([[ 0,  1, -1,  0,  1],
       [-1, -1,  0, -1, -2],
       [-1, -1,  1,  0, -1],
       [ 1,  1,  0,  1,  1],
       [ 1,  1,  0,  0,  2]])), (0, array([[ 0,  1,  0,  1,  0],
       [ 1,  1,  0,  0,  2],
       [-1, -3,  1, -1, -2],
       [ 1,  1,  0,  0,  1],
       [-1,  0,  0,  0, -1]])), (0, array([[ 0,  0, -1,  0, -1],
       [ 1,  2,  1,  1,  3],
       [-2, -3,  0, -1, -3],
       [ 1,  2,  1,  1,  2],
       [-1, -2, -2, -2, -3]])), (0, array([[ 0,  1,  0,  1,  0],
       [ 1,  1,  0,  0,  2],
       [-2, -4, -1, -2, -4],
       [ 1,  1,  0,  0,  1],
       [-1,  0,  0,  0, -1]])), (2, array([[-1, -1,  0,  0, -1],
       [-1, -1,  0,  0, -2],
       [ 1,  2,  1,  2,  2],
       [ 0,  1,  0,  1,  0],
       [ 0,  1,  1,  1,  1]])), (0, array([[ 0,  0, -1,  0, -1],
       [ 1,  2,  1,  1,  3],
       [-2, -2,  0, -1, -2],
       [ 1,  2,  1,  1,  2],
       [-1, -3, -2, -2, -4]])), (0, array([[ 0, -1,  0, -1, -1],
       [ 1,  3,  1,  2,  3],
       [ 0, -1,  0,  0,  0],
       [ 1,  2,  0,  1,  2],
       [-2, -4, -1, -3, -4]])), (0, array([[ 0,  0,  0,  0, -1],
       [-1, -2,  0, -1, -1],
       [ 2,  3,  1,  2,  4],
       [-1,  0,  0,  0,  0],
       [ 1,  1,  0,  0,  0]])), (2, array([[ 0, -1,  0, -1,  0],
       [ 0,  1,  0,  0,  1],
       [ 0, -1, -1, -1, -1],
       [ 1,  1,  0,  0,  1],
       [ 1,  1,  0,  0,  2]])), (2, array([[ 0,  1,  0,  1,  0],
       [ 0,  0,  0,  0, -1],
       [ 2,  3,  1,  2,  3],
       [ 1,  2,  0,  1,  1],
       [ 1,  3,  1,  2,  2]])), (2, array([[-1,  0,  0,  0,  0],
       [-1,  0,  0,  0, -1],
       [ 1,  3,  1,  2,  3],
       [ 0,  2,  0,  1,  1],
       [ 0,  2,  1,  1,  2]])), (0, array([[ 1,  0,  2,  1,  2],
       [ 0,  0, -1,  0, -1],
       [-2,  1, -3, -1, -3],
       [ 0, -1,  0,  0,  0],
       [ 1,  0,  3,  1,  2]])), (2, array([[-1,  1, -2,  0, -2],
       [-1,  0, -1,  0, -1],
       [ 0,  0, -1,  0,  0],
       [ 0,  0,  0,  1,  0],
       [-1,  0, -2,  0, -2]])), (2, array([[-1,  0, -2, -1, -2],
       [ 0,  0,  0,  0,  1],
       [ 0, -1,  0, -1,  0],
       [ 0, -1,  1,  0,  1],
       [-1,  0, -1, -1, -1]])), (0, array([[ 0,  1,  0,  1,  0],
       [-2, -1, -2, -2, -3],
       [ 3,  0,  2,  1,  4],
       [-2, -1, -1, -1, -2],
       [ 2,  2,  2,  2,  3]])), (0, array([[-1,  0, -1,  0, -1],
       [-1,  0, -1, -1, -2],
       [ 4,  1,  3,  2,  5],
       [-1,  0,  0,  0, -1],
       [ 0,  0,  0,  0,  1]])), (2, array([[ 1,  0,  0,  0,  1],
       [ 1,  0,  1,  1,  2],
       [-2, -1, -2, -1, -3],
       [-1,  0, -1,  0, -1],
       [-1, -1, -1, -1, -1]]))]